0 0.3447265625 0.3330078125 0.111328125 0.091796875
0 0.455078125 0.3369140625 0.10546875 0.083984375
0 0.5654296875 0.3359375 0.095703125 0.09375
0 0.67578125 0.337890625 0.09765625 0.09375
0 0.3466796875 0.43359375 0.115234375 0.08984375
0 0.4609375 0.435546875 0.09765625 0.09375
0 0.5712890625 0.4365234375 0.091796875 0.087890625
0 0.345703125 0.5361328125 0.1171875 0.095703125
0 0.4638671875 0.537109375 0.103515625 0.09375
0 0.568359375 0.53515625 0.09765625 0.08203125
0 0.6728515625 0.533203125 0.103515625 0.09375
