0 0.123046875 0.138671875 0.078125 0.0625
0 0.2001953125 0.1376953125 0.072265625 0.056640625
0 0.2685546875 0.1357421875 0.064453125 0.064453125
0 0.3388671875 0.1376953125 0.072265625 0.060546875
0 0.4150390625 0.138671875 0.076171875 0.05859375
0 0.48828125 0.140625 0.07421875 0.0546875
0 0.5693359375 0.1416015625 0.080078125 0.064453125
0 0.6494140625 0.1396484375 0.080078125 0.064453125
0 0.7265625 0.1396484375 0.078125 0.060546875
0 0.8046875 0.1396484375 0.0703125 0.064453125
0 0.8828125 0.138671875 0.0703125 0.05859375
0 0.134765625 0.220703125 0.08984375 0.0703125
0 0.2275390625 0.220703125 0.091796875 0.0703125
0 0.3232421875 0.2197265625 0.087890625 0.072265625
0 0.416015625 0.2216796875 0.08984375 0.076171875
0 0.5068359375 0.2216796875 0.087890625 0.076171875
0 0.599609375 0.2216796875 0.0859375 0.072265625
0 0.6884765625 0.220703125 0.087890625 0.0703125
0 0.78125 0.2216796875 0.0859375 0.072265625
0 0.873046875 0.2216796875 0.0859375 0.072265625
