0 0.08984375 0.095703125 0.078125 0.09375
0 0.1669921875 0.095703125 0.072265625 0.09375
0 0.24609375 0.09765625 0.07421875 0.0859375
0 0.3486328125 0.09375 0.076171875 0.08984375
0 0.4248046875 0.0927734375 0.076171875 0.087890625
0 0.5048828125 0.09375 0.076171875 0.0859375
0 0.5869140625 0.09375 0.076171875 0.0859375
0 0.6708984375 0.095703125 0.072265625 0.0859375
0 0.7451171875 0.091796875 0.080078125 0.08984375
0 0.828125 0.0947265625 0.078125 0.083984375
0 0.8984375 0.0908203125 0.0546875 0.083984375
0 0.169921875 0.1943359375 0.078125 0.091796875
0 0.2490234375 0.1943359375 0.080078125 0.087890625
0 0.3310546875 0.1962890625 0.076171875 0.083984375
0 0.412109375 0.1953125 0.07421875 0.08203125
0 0.48828125 0.1943359375 0.078125 0.083984375
0 0.568359375 0.193359375 0.07421875 0.08203125
0 0.6484375 0.197265625 0.07421875 0.0703125
0 0.7236328125 0.1962890625 0.076171875 0.087890625
0 0.8056640625 0.1953125 0.076171875 0.09375
