0 0.0947265625 0.146484375 0.068359375 0.07421875
0 0.1689453125 0.1494140625 0.076171875 0.064453125
0 0.2431640625 0.154296875 0.056640625 0.05859375
0 0.3955078125 0.146484375 0.064453125 0.0703125
0 0.4716796875 0.1484375 0.076171875 0.05859375
0 0.5498046875 0.150390625 0.064453125 0.0703125
0 0.6318359375 0.1474609375 0.064453125 0.064453125
0 0.7861328125 0.1484375 0.083984375 0.07421875
0 0.875 0.1484375 0.0859375 0.0703125
0 0.1025390625 0.228515625 0.072265625 0.0703125
0 0.18359375 0.228515625 0.08984375 0.078125
0 0.2685546875 0.228515625 0.080078125 0.07421875
0 0.353515625 0.23046875 0.0859375 0.0703125
0 0.4423828125 0.228515625 0.091796875 0.07421875
