0 0.2607421875 0.1787109375 0.115234375 0.103515625
0 0.3837890625 0.1796875 0.130859375 0.11328125
0 0.509765625 0.1806640625 0.109375 0.103515625
0 0.619140625 0.1865234375 0.09765625 0.095703125
0 0.728515625 0.1767578125 0.12109375 0.107421875
0 0.0712890625 0.298828125 0.111328125 0.1171875
0 0.1875 0.298828125 0.09765625 0.11328125
0 0.2939453125 0.30078125 0.103515625 0.1015625
0 0.404296875 0.310546875 0.0859375 0.08203125
0 0.48828125 0.298828125 0.0703125 0.109375
0 0.5830078125 0.2998046875 0.091796875 0.107421875
0 0.697265625 0.2978515625 0.12109375 0.099609375
0 0.8056640625 0.3095703125 0.091796875 0.087890625
