0 0.2841796875 0.09375 0.162109375 0.08203125
0 0.5810546875 0.0693359375 0.142578125 0.087890625
0 0.7275390625 0.083984375 0.146484375 0.08984375
0 0.146484375 0.1962890625 0.09375 0.080078125
0 0.2529296875 0.1982421875 0.123046875 0.080078125
0 0.365234375 0.1923828125 0.09765625 0.068359375
0 0.4658203125 0.1943359375 0.076171875 0.080078125
0 0.5556640625 0.1904296875 0.095703125 0.072265625
0 0.662109375 0.19140625 0.09765625 0.0703125
0 0.7587890625 0.1923828125 0.083984375 0.068359375
0 0.859375 0.193359375 0.09375 0.07421875
