0 0.1767578125 0.251953125 0.099609375 0.06640625
0 0.275390625 0.251953125 0.0859375 0.05859375
0 0.365234375 0.2529296875 0.09375 0.064453125
0 0.4599609375 0.25 0.087890625 0.06640625
0 0.5546875 0.2490234375 0.08984375 0.064453125
0 0.646484375 0.2509765625 0.0859375 0.068359375
0 0.7431640625 0.25 0.091796875 0.0703125
0 0.8359375 0.251953125 0.07421875 0.0546875
0 0.412109375 0.3330078125 0.09375 0.064453125
0 0.5078125 0.33203125 0.08984375 0.06640625
0 0.6064453125 0.33203125 0.087890625 0.06640625
