0 0.1025390625 0.1259765625 0.080078125 0.056640625
0 0.1865234375 0.125 0.083984375 0.0625
0 0.275390625 0.1240234375 0.08203125 0.064453125
0 0.359375 0.125 0.07421875 0.0546875
0 0.4404296875 0.125 0.076171875 0.05859375
0 0.5166015625 0.125 0.060546875 0.05859375
0 0.134765625 0.21484375 0.1484375 0.09375
0 0.2880859375 0.2138671875 0.138671875 0.095703125
0 0.43359375 0.2138671875 0.140625 0.091796875
0 0.576171875 0.21484375 0.1328125 0.09765625
0 0.720703125 0.21484375 0.140625 0.09765625
0 0.865234375 0.2138671875 0.140625 0.095703125
