0 0.0947265625 0.0546875 0.142578125 0.10546875
0 0.2490234375 0.0576171875 0.146484375 0.111328125
0 0.3974609375 0.056640625 0.126953125 0.109375
0 0.078125 0.158203125 0.11328125 0.07421875
0 0.1904296875 0.1611328125 0.080078125 0.076171875
0 0.2939453125 0.1572265625 0.111328125 0.076171875
0 0.4111328125 0.1591796875 0.119140625 0.080078125
0 0.5283203125 0.1640625 0.107421875 0.08203125
0 0.646484375 0.1611328125 0.109375 0.080078125
0 0.76953125 0.16015625 0.1171875 0.078125
0 0.8935546875 0.1630859375 0.119140625 0.072265625
0 0.0771484375 0.25390625 0.123046875 0.08984375
0 0.205078125 0.2529296875 0.12109375 0.087890625
0 0.3291015625 0.251953125 0.119140625 0.09375
0 0.45703125 0.255859375 0.12109375 0.08984375
0 0.5859375 0.3359375 0.11328125 0.234375
0 0.7216796875 0.337890625 0.150390625 0.23828125
0 0.8828125 0.3369140625 0.15234375 0.244140625
