0 0.091796875 0.0634765625 0.08984375 0.060546875
0 0.177734375 0.060546875 0.08203125 0.0546875
0 0.2607421875 0.0615234375 0.076171875 0.056640625
0 0.3349609375 0.060546875 0.068359375 0.0546875
0 0.4091796875 0.0625 0.068359375 0.05859375
0 0.4912109375 0.060546875 0.080078125 0.0625
0 0.08984375 0.12890625 0.09375 0.05859375
0 0.173828125 0.126953125 0.078125 0.05859375
0 0.2587890625 0.126953125 0.087890625 0.05859375
0 0.345703125 0.126953125 0.078125 0.0546875
0 0.4287109375 0.1279296875 0.076171875 0.060546875
