0 0.056640625 0.080078125 0.078125 0.06640625
0 0.1416015625 0.078125 0.083984375 0.0625
0 0.2275390625 0.0771484375 0.076171875 0.064453125
0 0.298828125 0.0751953125 0.0546875 0.064453125
0 0.3544921875 0.0751953125 0.048828125 0.064453125
0 0.4248046875 0.0791015625 0.080078125 0.060546875
0 0.5107421875 0.0771484375 0.083984375 0.064453125
0 0.5859375 0.076171875 0.046875 0.06640625
0 0.6533203125 0.078125 0.068359375 0.06640625
0 0.1513671875 0.224609375 0.119140625 0.1015625
0 0.2998046875 0.232421875 0.158203125 0.1171875
0 0.4609375 0.228515625 0.16015625 0.109375
0 0.6279296875 0.2294921875 0.166015625 0.111328125
0 0.791015625 0.232421875 0.15625 0.10546875
0 0.0810546875 0.3544921875 0.158203125 0.130859375
0 0.2080078125 0.3798828125 0.068359375 0.080078125
0 0.3203125 0.3603515625 0.15234375 0.123046875
0 0.4619140625 0.3564453125 0.123046875 0.130859375
0 0.6064453125 0.353515625 0.142578125 0.12109375
0 0.7705078125 0.3515625 0.166015625 0.12109375
0 0.90625 0.3779296875 0.09765625 0.064453125
0 0.3466796875 0.4853515625 0.177734375 0.107421875
0 0.525390625 0.4853515625 0.16015625 0.119140625
0 0.697265625 0.482421875 0.171875 0.125
0 0.8740234375 0.490234375 0.166015625 0.12890625
