0 0.4287109375 0.046875 0.111328125 0.078125
0 0.5556640625 0.0498046875 0.111328125 0.080078125
0 0.0625 0.146484375 0.10546875 0.1015625
0 0.169921875 0.1455078125 0.09765625 0.099609375
0 0.279296875 0.14453125 0.1015625 0.09765625
0 0.384765625 0.142578125 0.1015625 0.09765625
0 0.490234375 0.1435546875 0.09765625 0.091796875
0 0.5966796875 0.1416015625 0.103515625 0.099609375
0 0.7001953125 0.140625 0.099609375 0.09375
0 0.8046875 0.140625 0.1015625 0.1015625
0 0.9130859375 0.1416015625 0.103515625 0.103515625
