0 0.3984375 0.1318359375 0.09765625 0.056640625
0 0.3974609375 0.19140625 0.091796875 0.0546875
0 0.3994140625 0.2529296875 0.095703125 0.052734375
0 0.3984375 0.30859375 0.1015625 0.0546875
0 0.40234375 0.369140625 0.109375 0.05859375
0 0.2529296875 0.1748046875 0.130859375 0.087890625
0 0.255859375 0.2705078125 0.1328125 0.091796875
0 0.2470703125 0.3642578125 0.126953125 0.064453125
0 0.2548828125 0.4541015625 0.119140625 0.076171875
0 0.2548828125 0.548828125 0.119140625 0.0703125
0 0.251953125 0.6455078125 0.125 0.068359375
