0 0.091796875 0.2158203125 0.12890625 0.103515625
0 0.220703125 0.216796875 0.12109375 0.109375
0 0.0576171875 0.345703125 0.083984375 0.140625
0 0.14453125 0.3564453125 0.07421875 0.126953125
0 0.2275390625 0.353515625 0.080078125 0.11328125
0 0.3134765625 0.3447265625 0.083984375 0.134765625
0 0.3955078125 0.35546875 0.064453125 0.109375
0 0.4765625 0.3447265625 0.08203125 0.130859375
0 0.5673828125 0.3427734375 0.083984375 0.130859375
0 0.7587890625 0.337890625 0.099609375 0.1484375
0 0.865234375 0.3408203125 0.1015625 0.162109375
0 0.1005859375 0.4873046875 0.150390625 0.111328125
0 0.259765625 0.4931640625 0.14453125 0.115234375
0 0.4287109375 0.4853515625 0.162109375 0.111328125
0 0.58203125 0.4912109375 0.1328125 0.123046875
0 0.7265625 0.4892578125 0.13671875 0.130859375
0 0.2333984375 0.603515625 0.123046875 0.07421875
0 0.3544921875 0.6103515625 0.107421875 0.068359375
0 0.4619140625 0.6162109375 0.087890625 0.060546875
0 0.544921875 0.587890625 0.08203125 0.05859375
0 0.6484375 0.6103515625 0.125 0.056640625
