0 0.2158203125 0.107421875 0.142578125 0.109375
0 0.365234375 0.10546875 0.14453125 0.109375
0 0.51171875 0.1064453125 0.125 0.107421875
0 0.650390625 0.109375 0.13671875 0.1015625
0 0.8017578125 0.1103515625 0.138671875 0.091796875
0 0.2177734375 0.2177734375 0.138671875 0.095703125
0 0.3623046875 0.21875 0.138671875 0.1015625
0 0.5078125 0.2177734375 0.1328125 0.099609375
0 0.654296875 0.216796875 0.14453125 0.09765625
0 0.7958984375 0.21875 0.119140625 0.09765625
0 0.650390625 0.322265625 0.14453125 0.1015625
0 0.7998046875 0.326171875 0.142578125 0.09765625
