0 0.8857421875 0.1513671875 0.099609375 0.060546875
0 0.8857421875 0.216796875 0.123046875 0.0625
0 0.8828125 0.314453125 0.1171875 0.0625
0 0.884765625 0.3828125 0.11328125 0.06640625
0 0.890625 0.4775390625 0.109375 0.064453125
0 0.7548828125 0.154296875 0.123046875 0.0703125
0 0.751953125 0.2216796875 0.09375 0.060546875
0 0.7587890625 0.28515625 0.111328125 0.0546875
0 0.751953125 0.349609375 0.09375 0.05859375
0 0.75 0.4130859375 0.109375 0.052734375
0 0.7529296875 0.474609375 0.107421875 0.0625
