0 0.228515625 0.0625 0.08984375 0.0703125
0 0.3232421875 0.06640625 0.091796875 0.07421875
0 0.431640625 0.06640625 0.08984375 0.0703125
0 0.42578125 0.13671875 0.09375 0.0703125
0 0.4296875 0.208984375 0.09765625 0.06640625
0 0.4326171875 0.27734375 0.107421875 0.06640625
0 0.431640625 0.349609375 0.07421875 0.06640625
0 0.5166015625 0.3515625 0.080078125 0.06640625
0 0.607421875 0.3505859375 0.1015625 0.068359375
0 0.712890625 0.349609375 0.0859375 0.0703125
0 0.806640625 0.34765625 0.09375 0.06640625
0 0.9111328125 0.34765625 0.103515625 0.07421875
