0 0.134765625 0.0830078125 0.203125 0.126953125
0 0.3466796875 0.0849609375 0.205078125 0.130859375
0 0.5615234375 0.0791015625 0.201171875 0.134765625
0 0.779296875 0.0771484375 0.19140625 0.138671875
0 0.0947265625 0.1943359375 0.126953125 0.083984375
0 0.232421875 0.193359375 0.12109375 0.08984375
0 0.3623046875 0.1923828125 0.123046875 0.080078125
0 0.501953125 0.1875 0.1328125 0.078125
0 0.6318359375 0.189453125 0.126953125 0.08203125
0 0.1298828125 0.4052734375 0.228515625 0.193359375
0 0.35546875 0.404296875 0.19921875 0.1953125
0 0.626953125 0.40234375 0.21875 0.19140625
0 0.8623046875 0.3984375 0.224609375 0.203125
