0 0.22265625 0.1142578125 0.11328125 0.064453125
0 0.3369140625 0.11328125 0.115234375 0.0625
0 0.451171875 0.1171875 0.1171875 0.0625
0 0.564453125 0.1181640625 0.109375 0.064453125
0 0.6806640625 0.1162109375 0.115234375 0.056640625
0 0.7958984375 0.1171875 0.083984375 0.0625
0 0.2763671875 0.1826171875 0.115234375 0.060546875
0 0.392578125 0.181640625 0.109375 0.0625
0 0.5068359375 0.1796875 0.111328125 0.05859375
0 0.619140625 0.181640625 0.1171875 0.0546875
0 0.7451171875 0.18359375 0.130859375 0.04296875
