0 0.75390625 0.0751953125 0.140625 0.095703125
0 0.755859375 0.1708984375 0.13671875 0.083984375
0 0.7587890625 0.2626953125 0.134765625 0.087890625
0 0.763671875 0.3583984375 0.12890625 0.083984375
0 0.7646484375 0.451171875 0.107421875 0.08984375
0 0.6181640625 0.0791015625 0.134765625 0.095703125
0 0.6181640625 0.1748046875 0.134765625 0.095703125
0 0.615234375 0.3154296875 0.12890625 0.095703125
0 0.6220703125 0.4091796875 0.142578125 0.083984375
0 0.6171875 0.505859375 0.140625 0.08984375
0 0.623046875 0.5966796875 0.12890625 0.087890625
0 0.6240234375 0.69140625 0.138671875 0.08984375
