0 0.076171875 0.05859375 0.09765625 0.0546875
0 0.16796875 0.056640625 0.078125 0.078125
0 0.25390625 0.0615234375 0.08203125 0.068359375
0 0.3505859375 0.0595703125 0.091796875 0.080078125
0 0.52734375 0.0546875 0.09375 0.0546875
0 0.6083984375 0.06640625 0.064453125 0.04296875
0 0.771484375 0.056640625 0.078125 0.06640625
0 0.853515625 0.068359375 0.078125 0.0546875
0 0.92578125 0.064453125 0.0625 0.0625
0 0.12109375 0.1884765625 0.1796875 0.099609375
0 0.298828125 0.189453125 0.16796875 0.1015625
0 0.4423828125 0.205078125 0.103515625 0.0625
0 0.5869140625 0.1845703125 0.173828125 0.107421875
0 0.767578125 0.1845703125 0.16015625 0.103515625
0 0.923828125 0.1943359375 0.12890625 0.076171875
0 0.2724609375 0.3125 0.150390625 0.02734375
0 0.4013671875 0.3115234375 0.103515625 0.095703125
0 0.517578125 0.318359375 0.12109375 0.078125
0 0.65234375 0.3095703125 0.12890625 0.083984375
0 0.79296875 0.3125 0.13671875 0.08203125
0 0.9287109375 0.3095703125 0.107421875 0.083984375
