0 0.8671875 0.08984375 0.15625 0.10546875
0 0.873046875 0.203125 0.1640625 0.109375
0 0.873046875 0.3125 0.1640625 0.1015625
0 0.8740234375 0.4208984375 0.169921875 0.111328125
0 0.8720703125 0.509765625 0.119140625 0.06640625
0 0.685546875 0.2001953125 0.16796875 0.103515625
0 0.677734375 0.3154296875 0.1796875 0.107421875
0 0.6845703125 0.40234375 0.099609375 0.05859375
0 0.6806640625 0.4892578125 0.173828125 0.107421875
0 0.6845703125 0.5986328125 0.177734375 0.107421875
0 0.6875 0.68359375 0.12109375 0.05859375
0 0.6875 0.7431640625 0.109375 0.056640625
0 0.6865234375 0.806640625 0.115234375 0.0625
