0 0.2744140625 0.0546875 0.134765625 0.08203125
0 0.396484375 0.0537109375 0.109375 0.083984375
0 0.5224609375 0.05078125 0.134765625 0.08203125
0 0.474609375 0.1484375 0.09375 0.078125
0 0.59765625 0.1484375 0.125 0.08203125
0 0.56640625 0.24609375 0.12890625 0.0859375
0 0.69921875 0.2421875 0.1171875 0.07421875
0 0.8056640625 0.251953125 0.087890625 0.0546875
0 0.919921875 0.24609375 0.12109375 0.08203125
0 0.701171875 0.3369140625 0.09765625 0.068359375
0 0.818359375 0.3369140625 0.1171875 0.083984375
