0 0.0966796875 0.0712890625 0.111328125 0.080078125
0 0.216796875 0.0693359375 0.1171875 0.080078125
0 0.326171875 0.0712890625 0.1015625 0.068359375
0 0.431640625 0.0703125 0.10546875 0.07421875
0 0.5390625 0.0703125 0.1015625 0.06640625
0 0.6533203125 0.0732421875 0.103515625 0.064453125
0 0.1259765625 0.1943359375 0.177734375 0.126953125
0 0.3095703125 0.193359375 0.169921875 0.125
0 0.1044921875 0.3232421875 0.130859375 0.111328125
0 0.2578125 0.326171875 0.1640625 0.109375
0 0.421875 0.3232421875 0.15234375 0.111328125
0 0.5888671875 0.322265625 0.154296875 0.10546875
