0 0.0576171875 0.0615234375 0.064453125 0.080078125
0 0.1416015625 0.060546875 0.103515625 0.078125
0 0.25390625 0.05859375 0.109375 0.08203125
0 0.373046875 0.0595703125 0.11328125 0.076171875
0 0.4912109375 0.0634765625 0.111328125 0.068359375
0 0.595703125 0.0634765625 0.08984375 0.080078125
0 0.7041015625 0.0625 0.103515625 0.07421875
0 0.814453125 0.0625 0.1015625 0.07421875
0 0.9248046875 0.0615234375 0.103515625 0.072265625
0 0.0859375 0.1474609375 0.11328125 0.080078125
0 0.2001953125 0.1484375 0.103515625 0.0625
0 0.3046875 0.1455078125 0.09375 0.068359375
0 0.3974609375 0.1474609375 0.080078125 0.076171875
0 0.5009765625 0.146484375 0.111328125 0.078125
0 0.60546875 0.146484375 0.0859375 0.07421875
