0 0.1884765625 0.18359375 0.197265625 0.15234375
0 0.380859375 0.1953125 0.17578125 0.12890625
0 0.525390625 0.20703125 0.1015625 0.08203125
0 0.681640625 0.1865234375 0.1875 0.154296875
0 0.84375 0.2138671875 0.125 0.080078125
0 0.1337890625 0.3359375 0.111328125 0.09375
0 0.2529296875 0.3359375 0.103515625 0.09375
0 0.3662109375 0.333984375 0.111328125 0.09765625
0 0.486328125 0.3349609375 0.12109375 0.091796875
0 0.6015625 0.3349609375 0.109375 0.099609375
0 0.712890625 0.3349609375 0.09765625 0.099609375
0 0.83984375 0.3369140625 0.125 0.091796875
0 0.1298828125 0.45703125 0.134765625 0.1015625
0 0.3603515625 0.45703125 0.115234375 0.1015625
0 0.4873046875 0.45703125 0.123046875 0.1015625
0 0.6044921875 0.458984375 0.083984375 0.0859375
0 0.6845703125 0.458984375 0.076171875 0.09375
0 0.7685546875 0.462890625 0.072265625 0.0859375
0 0.837890625 0.4619140625 0.046875 0.087890625
