0 0.853515625 0.125 0.19140625 0.125
0 0.8515625 0.24609375 0.171875 0.109375
0 0.650390625 0.2421875 0.203125 0.1171875
0 0.6474609375 0.3603515625 0.181640625 0.115234375
0 0.6513671875 0.48046875 0.177734375 0.11328125
0 0.66015625 0.5947265625 0.18359375 0.115234375
0 0.6591796875 0.7138671875 0.177734375 0.111328125
0 0.4501953125 0.357421875 0.181640625 0.11328125
0 0.4541015625 0.48046875 0.189453125 0.1171875
0 0.4052734375 0.595703125 0.091796875 0.10546875
0 0.50390625 0.5947265625 0.078125 0.099609375
0 0.4482421875 0.7119140625 0.193359375 0.111328125
