0 0.08984375 0.0849609375 0.10546875 0.080078125
0 0.19921875 0.0888671875 0.10546875 0.080078125
0 0.3115234375 0.087890625 0.103515625 0.08203125
0 0.423828125 0.087890625 0.09765625 0.078125
0 0.541015625 0.08984375 0.109375 0.078125
0 0.091796875 0.1708984375 0.11328125 0.080078125
0 0.205078125 0.171875 0.10546875 0.08203125
0 0.31640625 0.1708984375 0.10546875 0.076171875
0 0.427734375 0.1689453125 0.10546875 0.076171875
0 0.5390625 0.169921875 0.08984375 0.07421875
0 0.650390625 0.169921875 0.08984375 0.08203125
