0 0.904296875 0.0634765625 0.16015625 0.111328125
0 0.90625 0.1748046875 0.15625 0.103515625
0 0.9072265625 0.2763671875 0.154296875 0.091796875
0 0.90625 0.3798828125 0.16796875 0.099609375
0 0.9111328125 0.482421875 0.162109375 0.09765625
0 0.91015625 0.5869140625 0.16015625 0.099609375
0 0.7333984375 0.064453125 0.154296875 0.09765625
0 0.73828125 0.1650390625 0.1484375 0.095703125
0 0.73828125 0.2626953125 0.1484375 0.091796875
0 0.7412109375 0.359375 0.154296875 0.0859375
0 0.7431640625 0.4560546875 0.126953125 0.095703125
0 0.7470703125 0.5478515625 0.154296875 0.080078125
0 0.763671875 0.6484375 0.12109375 0.109375
