0 0.1923828125 0.13671875 0.197265625 0.125
0 0.390625 0.1357421875 0.1796875 0.126953125
0 0.55078125 0.1357421875 0.1328125 0.115234375
0 0.671875 0.138671875 0.1015625 0.1171875
0 0.83984375 0.1396484375 0.1328125 0.107421875
0 0.3427734375 0.267578125 0.169921875 0.0859375
0 0.5078125 0.2685546875 0.1328125 0.103515625
0 0.658203125 0.265625 0.16015625 0.11328125
0 0.345703125 0.3974609375 0.1875 0.111328125
0 0.5087890625 0.3974609375 0.123046875 0.111328125
0 0.658203125 0.3984375 0.1484375 0.109375
