0 0.10546875 0.0673828125 0.06640625 0.052734375
0 0.169921875 0.0673828125 0.05859375 0.048828125
0 0.234375 0.06640625 0.05859375 0.0546875
0 0.298828125 0.0654296875 0.05859375 0.044921875
0 0.361328125 0.0634765625 0.0703125 0.048828125
0 0.427734375 0.06640625 0.05859375 0.05078125
0 0.0849609375 0.1396484375 0.091796875 0.072265625
0 0.1767578125 0.140625 0.091796875 0.078125
0 0.2705078125 0.142578125 0.091796875 0.078125
0 0.365234375 0.1416015625 0.09375 0.076171875
0 0.45703125 0.140625 0.078125 0.05859375
0 0.544921875 0.1396484375 0.08984375 0.076171875
0 0.6416015625 0.1435546875 0.099609375 0.076171875
0 0.7314453125 0.140625 0.076171875 0.05859375
0 0.8193359375 0.140625 0.083984375 0.08203125
0 0.9130859375 0.1435546875 0.107421875 0.080078125
