0 0.10546875 0.140625 0.09765625 0.07421875
0 0.2001953125 0.1416015625 0.087890625 0.080078125
0 0.28515625 0.140625 0.078125 0.078125
0 0.3740234375 0.1396484375 0.087890625 0.076171875
0 0.462890625 0.138671875 0.08203125 0.078125
0 0.5498046875 0.140625 0.083984375 0.07421875
0 0.6357421875 0.1396484375 0.076171875 0.076171875
0 0.72265625 0.140625 0.08203125 0.07421875
0 0.810546875 0.140625 0.0859375 0.078125
0 0.9013671875 0.140625 0.091796875 0.07421875
0 0.4482421875 0.228515625 0.060546875 0.05078125
0 0.5107421875 0.228515625 0.052734375 0.046875
0 0.5771484375 0.23046875 0.068359375 0.046875
