0 0.8408203125 0.1298828125 0.146484375 0.072265625
0 0.83984375 0.2138671875 0.12890625 0.087890625
0 0.8349609375 0.2978515625 0.138671875 0.072265625
0 0.8369140625 0.37109375 0.123046875 0.06640625
0 0.841796875 0.44921875 0.12890625 0.078125
0 0.8388671875 0.533203125 0.123046875 0.0859375
0 0.8408203125 0.6181640625 0.126953125 0.083984375
0 0.837890625 0.705078125 0.125 0.08203125
0 0.837890625 0.7900390625 0.125 0.087890625
0 0.8388671875 0.8701171875 0.091796875 0.076171875
0 0.6923828125 0.51953125 0.138671875 0.08203125
0 0.6884765625 0.6044921875 0.126953125 0.083984375
0 0.6884765625 0.6923828125 0.126953125 0.083984375
0 0.685546875 0.77734375 0.1328125 0.078125
0 0.6845703125 0.8662109375 0.134765625 0.087890625
