0 0.0830078125 0.154296875 0.162109375 0.1953125
0 0.25 0.1552734375 0.1484375 0.193359375
0 0.41796875 0.15625 0.15234375 0.1875
0 0.5859375 0.1552734375 0.16015625 0.185546875
0 0.7451171875 0.203125 0.142578125 0.1171875
0 0.88671875 0.2021484375 0.1328125 0.111328125
0 0.078125 0.373046875 0.15234375 0.2109375
0 0.23046875 0.37109375 0.1484375 0.1953125
0 0.3916015625 0.3701171875 0.150390625 0.205078125
0 0.67578125 0.369140625 0.14453125 0.20703125
0 0.802734375 0.4033203125 0.09375 0.123046875
0 0.9111328125 0.37109375 0.119140625 0.203125
