0 0.1044921875 0.1591796875 0.091796875 0.083984375
0 0.1943359375 0.162109375 0.080078125 0.08984375
0 0.2841796875 0.1630859375 0.083984375 0.083984375
0 0.369140625 0.162109375 0.08203125 0.0859375
0 0.453125 0.1611328125 0.0859375 0.083984375
0 0.5380859375 0.1689453125 0.076171875 0.068359375
0 0.62109375 0.1591796875 0.0859375 0.083984375
0 0.7099609375 0.162109375 0.091796875 0.0859375
0 0.8291015625 0.1611328125 0.087890625 0.080078125
0 0.9189453125 0.1650390625 0.083984375 0.080078125
