0 0.279296875 0.0947265625 0.2109375 0.134765625
0 0.2783203125 0.234375 0.201171875 0.125
0 0.2783203125 0.3740234375 0.201171875 0.138671875
0 0.2763671875 0.4873046875 0.107421875 0.072265625
0 0.09765625 0.0703125 0.1328125 0.1015625
0 0.0810546875 0.15625 0.099609375 0.0625
0 0.1005859375 0.240234375 0.150390625 0.08203125
0 0.08984375 0.3740234375 0.1640625 0.095703125
0 0.099609375 0.4697265625 0.1015625 0.076171875
0 0.09375 0.55078125 0.1015625 0.0625
0 0.1044921875 0.630859375 0.150390625 0.08984375
