0 0.126953125 0.099609375 0.09765625 0.0703125
0 0.2236328125 0.1015625 0.095703125 0.078125
0 0.31640625 0.1015625 0.0859375 0.0703125
0 0.41015625 0.1015625 0.09765625 0.0703125
0 0.5029296875 0.099609375 0.076171875 0.078125
0 0.5849609375 0.1005859375 0.080078125 0.072265625
0 0.1259765625 0.22265625 0.083984375 0.0703125
0 0.2158203125 0.2216796875 0.083984375 0.076171875
0 0.3046875 0.224609375 0.0859375 0.0703125
0 0.396484375 0.220703125 0.08984375 0.07421875
0 0.5625 0.228515625 0.21875 0.1640625
0 0.7880859375 0.2294921875 0.224609375 0.169921875
0 0.3408203125 0.3994140625 0.154296875 0.173828125
0 0.5009765625 0.4013671875 0.150390625 0.169921875
0 0.6875 0.3984375 0.20703125 0.15625
