0 0.0654296875 0.1416015625 0.083984375 0.076171875
0 0.1494140625 0.140625 0.083984375 0.07421875
0 0.2490234375 0.1376953125 0.080078125 0.068359375
0 0.33203125 0.13671875 0.078125 0.0703125
0 0.41015625 0.1376953125 0.078125 0.072265625
0 0.4912109375 0.1376953125 0.083984375 0.072265625
0 0.572265625 0.13671875 0.07421875 0.0703125
0 0.6533203125 0.1357421875 0.080078125 0.068359375
0 0.736328125 0.134765625 0.07421875 0.06640625
0 0.814453125 0.1337890625 0.078125 0.068359375
0 0.8974609375 0.1337890625 0.083984375 0.068359375
