0 0.236328125 0.2451171875 0.39453125 0.345703125
0 0.5166015625 0.36328125 0.158203125 0.10546875
0 0.7109375 0.34375 0.2109375 0.14453125
0 0.900390625 0.359375 0.16796875 0.10546875
0 0.068359375 0.513671875 0.09375 0.06640625
0 0.158203125 0.5166015625 0.0859375 0.076171875
0 0.2626953125 0.5126953125 0.103515625 0.076171875
0 0.3876953125 0.5029296875 0.150390625 0.099609375
0 0.548828125 0.5009765625 0.14453125 0.111328125
0 0.677734375 0.51171875 0.09765625 0.07421875
0 0.810546875 0.5 0.140625 0.109375
0 0.94140625 0.5087890625 0.09765625 0.080078125
