0 0.1689453125 0.1533203125 0.146484375 0.041015625
0 0.3134765625 0.15625 0.138671875 0.125
0 0.4599609375 0.1572265625 0.130859375 0.126953125
0 0.6064453125 0.1591796875 0.146484375 0.126953125
0 0.7529296875 0.1591796875 0.142578125 0.126953125
0 0.8984375 0.1572265625 0.13671875 0.126953125
0 0.1669921875 0.2861328125 0.142578125 0.126953125
0 0.3095703125 0.28515625 0.138671875 0.12109375
0 0.4521484375 0.287109375 0.134765625 0.12109375
0 0.59375 0.2880859375 0.140625 0.123046875
0 0.7333984375 0.2890625 0.126953125 0.125
