0 0.1376953125 0.185546875 0.087890625 0.0859375
0 0.2314453125 0.181640625 0.087890625 0.0859375
0 0.306640625 0.1826171875 0.05859375 0.087890625
0 0.380859375 0.1826171875 0.08203125 0.076171875
0 0.4716796875 0.181640625 0.087890625 0.08984375
0 0.5673828125 0.1796875 0.091796875 0.0859375
0 0.6689453125 0.181640625 0.095703125 0.0859375
0 0.7626953125 0.1826171875 0.080078125 0.091796875
0 0.8427734375 0.1904296875 0.072265625 0.072265625
0 0.3046875 0.298828125 0.11328125 0.08984375
0 0.4140625 0.3017578125 0.09765625 0.087890625
0 0.5 0.302734375 0.0625 0.07421875
0 0.5869140625 0.30078125 0.103515625 0.0859375
0 0.6904296875 0.2978515625 0.091796875 0.087890625
