0 0.0986328125 0.0888671875 0.103515625 0.111328125
0 0.2080078125 0.08984375 0.115234375 0.11328125
0 0.328125 0.087890625 0.11328125 0.11328125
0 0.4443359375 0.0869140625 0.107421875 0.107421875
0 0.5556640625 0.087890625 0.107421875 0.11328125
0 0.6708984375 0.087890625 0.103515625 0.11328125
0 0.78125 0.0859375 0.11328125 0.11328125
0 0.8984375 0.0888671875 0.109375 0.115234375
0 0.0859375 0.22265625 0.09765625 0.1171875
0 0.1865234375 0.220703125 0.091796875 0.12109375
0 0.2802734375 0.2216796875 0.091796875 0.119140625
0 0.369140625 0.22265625 0.08984375 0.1171875
0 0.462890625 0.22265625 0.08984375 0.109375
0 0.5537109375 0.220703125 0.087890625 0.12109375
0 0.6513671875 0.2177734375 0.091796875 0.119140625
0 0.7421875 0.216796875 0.0859375 0.109375
0 0.8291015625 0.22265625 0.076171875 0.109375
0 0.912109375 0.22265625 0.078125 0.109375
