0 0.103515625 0.126953125 0.0703125 0.08203125
0 0.1767578125 0.125 0.068359375 0.078125
0 0.2470703125 0.125 0.064453125 0.0859375
0 0.3134765625 0.1240234375 0.056640625 0.068359375
0 0.3759765625 0.125 0.060546875 0.08203125
0 0.435546875 0.1337890625 0.0625 0.052734375
0 0.501953125 0.1240234375 0.06640625 0.068359375
0 0.5673828125 0.125 0.060546875 0.08203125
0 0.7001953125 0.1240234375 0.068359375 0.076171875
0 0.759765625 0.130859375 0.05078125 0.0625
0 0.8212890625 0.125 0.060546875 0.07421875
0 0.890625 0.1240234375 0.0625 0.072265625
0 0.8046875 0.2119140625 0.0859375 0.076171875
0 0.8876953125 0.2119140625 0.076171875 0.083984375
