0 0.0869140625 0.05859375 0.091796875 0.07421875
0 0.177734375 0.06640625 0.08203125 0.0703125
0 0.2744140625 0.064453125 0.091796875 0.06640625
0 0.087890625 0.1533203125 0.08203125 0.072265625
0 0.1767578125 0.1533203125 0.091796875 0.076171875
0 0.2763671875 0.150390625 0.083984375 0.08203125
0 0.3642578125 0.1533203125 0.064453125 0.076171875
0 0.490234375 0.1552734375 0.0859375 0.076171875
0 0.576171875 0.1630859375 0.0703125 0.056640625
0 0.6474609375 0.162109375 0.072265625 0.0625
0 0.7236328125 0.1533203125 0.083984375 0.080078125
0 0.8203125 0.154296875 0.09765625 0.0859375
0 0.9228515625 0.154296875 0.099609375 0.0859375
