0 0.1640625 0.1025390625 0.0703125 0.060546875
0 0.2392578125 0.1025390625 0.080078125 0.060546875
0 0.322265625 0.1015625 0.0859375 0.05859375
0 0.4013671875 0.103515625 0.068359375 0.05859375
0 0.5107421875 0.1064453125 0.138671875 0.095703125
0 0.626953125 0.103515625 0.08984375 0.0625
0 0.705078125 0.109375 0.06640625 0.04296875
0 0.7783203125 0.1005859375 0.083984375 0.060546875
0 0.31640625 0.232421875 0.1484375 0.125
0 0.482421875 0.232421875 0.17578125 0.125
0 0.662109375 0.236328125 0.17578125 0.10546875
0 0.2236328125 0.3603515625 0.169921875 0.123046875
0 0.4052734375 0.3603515625 0.169921875 0.123046875
0 0.5791015625 0.357421875 0.169921875 0.12109375
0 0.7578125 0.3603515625 0.18359375 0.126953125
