0 0.2724609375 0.0830078125 0.134765625 0.095703125
0 0.2734375 0.1796875 0.140625 0.09375
0 0.2744140625 0.27734375 0.142578125 0.1015625
0 0.2763671875 0.375 0.154296875 0.1015625
0 0.267578125 0.47265625 0.140625 0.09375
0 0.271484375 0.5634765625 0.13671875 0.087890625
0 0.2734375 0.6611328125 0.1328125 0.095703125
0 0.1181640625 0.0859375 0.134765625 0.09375
0 0.12109375 0.185546875 0.140625 0.09375
0 0.1162109375 0.28125 0.142578125 0.09765625
0 0.1162109375 0.376953125 0.142578125 0.09375
0 0.1162109375 0.4716796875 0.123046875 0.099609375
0 0.12109375 0.5703125 0.1484375 0.10546875
