0 0.3681640625 0.2724609375 0.271484375 0.201171875
0 0.6826171875 0.2705078125 0.294921875 0.189453125
0 0.1650390625 0.447265625 0.103515625 0.0859375
0 0.265625 0.4443359375 0.09375 0.083984375
0 0.365234375 0.4482421875 0.09765625 0.083984375
0 0.46484375 0.4462890625 0.08984375 0.091796875
0 0.5546875 0.4443359375 0.08203125 0.072265625
0 0.6435546875 0.4462890625 0.080078125 0.064453125
0 0.724609375 0.4521484375 0.07421875 0.060546875
0 0.810546875 0.43359375 0.08203125 0.0546875
0 0.9033203125 0.4462890625 0.083984375 0.076171875
0 0.52734375 0.5380859375 0.0859375 0.068359375
0 0.423828125 0.62890625 0.125 0.078125
0 0.6376953125 0.6279296875 0.126953125 0.083984375
