0 0.1748046875 0.2294921875 0.287109375 0.197265625
0 0.4853515625 0.2275390625 0.275390625 0.201171875
0 0.8076171875 0.2333984375 0.283203125 0.205078125
0 0.0849609375 0.3720703125 0.083984375 0.072265625
0 0.1748046875 0.3720703125 0.091796875 0.072265625
0 0.26953125 0.3720703125 0.09375 0.076171875
0 0.359375 0.3759765625 0.0859375 0.064453125
0 0.447265625 0.3740234375 0.08203125 0.068359375
0 0.5302734375 0.373046875 0.083984375 0.0703125
0 0.712890625 0.3720703125 0.09765625 0.072265625
0 0.7861328125 0.3720703125 0.033203125 0.068359375
0 0.841796875 0.373046875 0.0703125 0.0703125
0 0.9140625 0.375 0.0703125 0.06640625
