0 0.2177734375 0.185546875 0.072265625 0.0546875
0 0.3017578125 0.1845703125 0.072265625 0.056640625
0 0.3701171875 0.1845703125 0.052734375 0.056640625
0 0.4501953125 0.1845703125 0.076171875 0.048828125
0 0.5380859375 0.1865234375 0.087890625 0.052734375
0 0.6201171875 0.185546875 0.052734375 0.0546875
0 0.689453125 0.185546875 0.0625 0.05078125
0 0.7734375 0.18359375 0.05859375 0.0390625
0 0.380859375 0.2412109375 0.06640625 0.048828125
0 0.4609375 0.240234375 0.07421875 0.05078125
0 0.53125 0.240234375 0.05859375 0.05078125
