0 0.298828125 0.1884765625 0.1171875 0.080078125
0 0.40625 0.2001953125 0.09375 0.052734375
0 0.5068359375 0.1884765625 0.083984375 0.087890625
0 0.6142578125 0.1904296875 0.099609375 0.080078125
0 0.73046875 0.1865234375 0.09765625 0.076171875
0 0.2744140625 0.2958984375 0.123046875 0.091796875
0 0.400390625 0.294921875 0.12890625 0.0859375
0 0.52734375 0.2958984375 0.1171875 0.083984375
0 0.66015625 0.2939453125 0.12109375 0.091796875
0 0.7705078125 0.302734375 0.091796875 0.0546875
0 0.447265625 0.3994140625 0.125 0.095703125
0 0.58203125 0.3994140625 0.125 0.087890625
0 0.244140625 0.53125 0.0625 0.046875
0 0.3134765625 0.53125 0.048828125 0.046875
0 0.376953125 0.52734375 0.06640625 0.04296875
0 0.4482421875 0.52734375 0.072265625 0.05078125
0 0.509765625 0.5322265625 0.05078125 0.037109375
0 0.57421875 0.5283203125 0.06640625 0.048828125
0 0.642578125 0.52734375 0.06640625 0.05078125
0 0.7119140625 0.5283203125 0.060546875 0.056640625
0 0.779296875 0.5283203125 0.06640625 0.056640625
