0 0.248046875 0.23828125 0.08984375 0.08984375
0 0.33203125 0.240234375 0.07421875 0.0859375
0 0.4189453125 0.2421875 0.087890625 0.08984375
0 0.5068359375 0.240234375 0.083984375 0.0859375
0 0.591796875 0.2421875 0.0703125 0.08984375
0 0.76953125 0.240234375 0.08984375 0.09375
0 0.1572265625 0.3447265625 0.091796875 0.091796875
0 0.2470703125 0.34765625 0.091796875 0.08984375
0 0.337890625 0.34765625 0.08203125 0.0859375
0 0.4248046875 0.3486328125 0.095703125 0.091796875
0 0.517578125 0.349609375 0.0859375 0.09375
0 0.60546875 0.3486328125 0.08984375 0.091796875
0 0.6953125 0.349609375 0.09375 0.08984375
0 0.78125 0.349609375 0.078125 0.08984375
0 0.8583984375 0.3466796875 0.076171875 0.087890625
