0 0.4619140625 0.1171875 0.115234375 0.09375
0 0.5849609375 0.1162109375 0.107421875 0.095703125
0 0.70703125 0.1171875 0.12109375 0.09375
0 0.83203125 0.1181640625 0.12109375 0.095703125
0 0.5322265625 0.244140625 0.119140625 0.10546875
0 0.6572265625 0.2421875 0.134765625 0.1015625
0 0.77734375 0.2451171875 0.09375 0.095703125
0 0.4609375 0.3779296875 0.12890625 0.099609375
0 0.5908203125 0.3779296875 0.123046875 0.103515625
0 0.7138671875 0.376953125 0.123046875 0.10546875
0 0.83984375 0.3779296875 0.1328125 0.099609375
