0 0.1064453125 0.255859375 0.130859375 0.1015625
0 0.2431640625 0.240234375 0.126953125 0.09765625
0 0.3779296875 0.22265625 0.126953125 0.09765625
0 0.5126953125 0.203125 0.130859375 0.1015625
0 0.1748046875 0.39453125 0.123046875 0.1015625
0 0.3115234375 0.3759765625 0.130859375 0.111328125
0 0.4462890625 0.36328125 0.134765625 0.109375
0 0.6494140625 0.33203125 0.134765625 0.1015625
0 0.1064453125 0.548828125 0.130859375 0.109375
0 0.244140625 0.529296875 0.13671875 0.10546875
0 0.3720703125 0.509765625 0.119140625 0.09375
0 0.5146484375 0.4912109375 0.123046875 0.095703125
0 0.646484375 0.484375 0.125 0.0859375
0 0.77734375 0.4619140625 0.1171875 0.099609375
