0 0.4169921875 0.0859375 0.091796875 0.09765625
0 0.408203125 0.1787109375 0.0703125 0.091796875
0 0.4169921875 0.255859375 0.119140625 0.07421875
0 0.27734375 0.1162109375 0.1484375 0.107421875
0 0.2783203125 0.21875 0.150390625 0.1015625
0 0.2822265625 0.3134765625 0.130859375 0.087890625
0 0.283203125 0.3984375 0.109375 0.08203125
0 0.1435546875 0.3203125 0.158203125 0.1015625
0 0.1416015625 0.421875 0.154296875 0.09765625
0 0.14453125 0.51953125 0.12109375 0.1015625
0 0.1474609375 0.6240234375 0.169921875 0.107421875
