0 0.1142578125 0.2568359375 0.134765625 0.091796875
0 0.2451171875 0.2568359375 0.123046875 0.095703125
0 0.3740234375 0.2578125 0.123046875 0.09375
0 0.4951171875 0.259765625 0.126953125 0.09375
0 0.6220703125 0.2587890625 0.130859375 0.099609375
0 0.75 0.2578125 0.12890625 0.09765625
0 0.875 0.2568359375 0.12109375 0.095703125
0 0.146484375 0.35546875 0.08984375 0.0546875
0 0.23046875 0.353515625 0.08203125 0.05859375
0 0.306640625 0.353515625 0.06640625 0.046875
0 0.380859375 0.3525390625 0.078125 0.048828125
0 0.4609375 0.353515625 0.06640625 0.05078125
0 0.5380859375 0.3515625 0.080078125 0.0546875
0 0.61328125 0.3544921875 0.06640625 0.052734375
0 0.6884765625 0.353515625 0.083984375 0.0546875
0 0.767578125 0.3515625 0.06640625 0.05078125
0 0.8466796875 0.3525390625 0.076171875 0.052734375
