0 0.2431640625 0.13671875 0.123046875 0.08203125
0 0.380859375 0.146484375 0.1171875 0.07421875
0 0.515625 0.1396484375 0.125 0.091796875
0 0.64453125 0.1474609375 0.12109375 0.080078125
0 0.78515625 0.1416015625 0.10546875 0.095703125
0 0.1748046875 0.234375 0.134765625 0.08984375
0 0.30859375 0.2373046875 0.13671875 0.091796875
0 0.44921875 0.23828125 0.11328125 0.09765625
0 0.578125 0.2353515625 0.1328125 0.091796875
0 0.7099609375 0.24609375 0.126953125 0.078125
0 0.849609375 0.2431640625 0.12890625 0.091796875
