0 0.462890625 0.09765625 0.12890625 0.08984375
0 0.4619140625 0.1845703125 0.126953125 0.083984375
0 0.45703125 0.2646484375 0.1171875 0.076171875
0 0.4599609375 0.349609375 0.134765625 0.09375
0 0.4599609375 0.431640625 0.142578125 0.078125
0 0.462890625 0.50390625 0.13671875 0.06640625
0 0.462890625 0.5732421875 0.125 0.076171875
0 0.3037109375 0.1005859375 0.146484375 0.091796875
0 0.302734375 0.1787109375 0.12109375 0.068359375
0 0.2998046875 0.251953125 0.126953125 0.078125
0 0.3046875 0.33203125 0.125 0.078125
0 0.3095703125 0.5732421875 0.134765625 0.091796875
0 0.150390625 0.1015625 0.13671875 0.09375
0 0.1455078125 0.1806640625 0.138671875 0.072265625
0 0.15234375 0.2548828125 0.109375 0.080078125
0 0.15625 0.3515625 0.17578125 0.125
