0 0.087890625 0.2021484375 0.171875 0.169921875
0 0.2607421875 0.2041015625 0.177734375 0.177734375
0 0.4189453125 0.2177734375 0.138671875 0.126953125
0 0.578125 0.203125 0.17578125 0.16796875
0 0.75 0.2021484375 0.15625 0.162109375
0 0.91796875 0.2021484375 0.15625 0.169921875
0 0.1552734375 0.3818359375 0.103515625 0.076171875
0 0.2568359375 0.380859375 0.099609375 0.078125
0 0.3544921875 0.3818359375 0.099609375 0.076171875
0 0.4541015625 0.380859375 0.103515625 0.078125
0 0.55859375 0.3818359375 0.1015625 0.080078125
0 0.6552734375 0.380859375 0.095703125 0.078125
0 0.751953125 0.37890625 0.1015625 0.08203125
0 0.8564453125 0.3779296875 0.103515625 0.072265625
