0 0.4384765625 0.0966796875 0.119140625 0.080078125
0 0.552734375 0.095703125 0.11328125 0.08203125
0 0.6630859375 0.0986328125 0.111328125 0.080078125
0 0.7734375 0.09765625 0.11328125 0.08203125
0 0.8837890625 0.0966796875 0.099609375 0.072265625
0 0.345703125 0.19140625 0.125 0.0859375
0 0.453125 0.1923828125 0.08984375 0.076171875
0 0.5517578125 0.1923828125 0.099609375 0.068359375
0 0.66015625 0.193359375 0.1171875 0.078125
0 0.7744140625 0.1943359375 0.111328125 0.080078125
0 0.880859375 0.1943359375 0.10546875 0.080078125
