0 0.3603515625 0.1376953125 0.103515625 0.072265625
0 0.462890625 0.138671875 0.09765625 0.0703125
0 0.5576171875 0.1396484375 0.099609375 0.068359375
0 0.658203125 0.140625 0.09765625 0.06640625
0 0.2939453125 0.2265625 0.119140625 0.08984375
0 0.439453125 0.224609375 0.125 0.0859375
0 0.580078125 0.2255859375 0.125 0.091796875
0 0.72265625 0.2294921875 0.1171875 0.087890625
0 0.24609375 0.3271484375 0.0390625 0.060546875
0 0.291015625 0.328125 0.0390625 0.0546875
0 0.3349609375 0.328125 0.044921875 0.0625
0 0.376953125 0.3291015625 0.02734375 0.060546875
