0 0.1015625 0.080078125 0.09765625 0.0703125
0 0.19140625 0.076171875 0.0859375 0.0703125
0 0.27734375 0.078125 0.08984375 0.07421875
0 0.361328125 0.0771484375 0.078125 0.064453125
0 0.443359375 0.078125 0.08984375 0.05859375
0 0.1064453125 0.17578125 0.099609375 0.07421875
0 0.21484375 0.177734375 0.109375 0.07421875
0 0.3232421875 0.1787109375 0.111328125 0.072265625
0 0.43359375 0.1748046875 0.1015625 0.072265625
0 0.08984375 0.2734375 0.07421875 0.0625
0 0.2060546875 0.267578125 0.072265625 0.06640625
0 0.326171875 0.267578125 0.07421875 0.06640625
0 0.3935546875 0.2685546875 0.072265625 0.068359375
0 0.4580078125 0.26953125 0.060546875 0.0625
