0 0.1435546875 0.1025390625 0.115234375 0.072265625
0 0.25390625 0.1015625 0.109375 0.0703125
0 0.365234375 0.099609375 0.1171875 0.0703125
0 0.474609375 0.1025390625 0.11328125 0.076171875
0 0.58984375 0.1015625 0.10546875 0.0703125
0 0.69921875 0.1025390625 0.10546875 0.060546875
0 0.1455078125 0.1845703125 0.115234375 0.072265625
0 0.2548828125 0.185546875 0.107421875 0.0625
0 0.3623046875 0.1826171875 0.099609375 0.068359375
0 0.505859375 0.18359375 0.11328125 0.07421875
0 0.6025390625 0.18359375 0.083984375 0.078125
0 0.70703125 0.185546875 0.1171875 0.0703125
