0 0.11328125 0.5693359375 0.171875 0.138671875
0 0.2802734375 0.576171875 0.162109375 0.13671875
0 0.4423828125 0.5732421875 0.166015625 0.111328125
0 0.6064453125 0.5732421875 0.166015625 0.138671875
0 0.763671875 0.5703125 0.17578125 0.13671875
0 0.052734375 0.6943359375 0.05859375 0.083984375
0 0.1240234375 0.693359375 0.072265625 0.08984375
0 0.1982421875 0.6923828125 0.072265625 0.083984375
0 0.26953125 0.7109375 0.0703125 0.046875
0 0.3515625 0.6708984375 0.06640625 0.041015625
0 0.4140625 0.671875 0.0625 0.0390625
0 0.4716796875 0.6708984375 0.056640625 0.041015625
0 0.53515625 0.6728515625 0.0625 0.041015625
0 0.59765625 0.6708984375 0.0546875 0.037109375
0 0.66015625 0.6708984375 0.0625 0.041015625
0 0.72265625 0.6708984375 0.0625 0.044921875
0 0.7861328125 0.671875 0.060546875 0.0390625
0 0.845703125 0.669921875 0.0625 0.0390625
0 0.9072265625 0.6708984375 0.060546875 0.037109375
0 0.349609375 0.712890625 0.0625 0.04296875
0 0.412109375 0.712890625 0.06640625 0.04296875
0 0.4716796875 0.712890625 0.056640625 0.0390625
0 0.52734375 0.712890625 0.05859375 0.0390625
0 0.5830078125 0.7138671875 0.052734375 0.033203125
0 0.634765625 0.7158203125 0.046875 0.033203125
0 0.6904296875 0.7119140625 0.056640625 0.041015625
