0 0.748046875 0.0771484375 0.10546875 0.087890625
0 0.75 0.1650390625 0.140625 0.091796875
0 0.751953125 0.2548828125 0.13671875 0.087890625
0 0.755859375 0.3486328125 0.12890625 0.099609375
0 0.7548828125 0.4384765625 0.123046875 0.080078125
0 0.75390625 0.525390625 0.1328125 0.0859375
0 0.75390625 0.619140625 0.1328125 0.08984375
0 0.7587890625 0.712890625 0.115234375 0.08984375
0 0.611328125 0.078125 0.1328125 0.09375
0 0.6083984375 0.169921875 0.130859375 0.09375
0 0.615234375 0.26171875 0.12890625 0.08984375
0 0.61328125 0.3525390625 0.13671875 0.091796875
