0 0.2275390625 0.2958984375 0.048828125 0.060546875
0 0.271484375 0.294921875 0.04296875 0.0546875
0 0.3046875 0.296875 0.02734375 0.0546875
0 0.328125 0.2978515625 0.0390625 0.048828125
0 0.3583984375 0.2978515625 0.025390625 0.056640625
0 0.3916015625 0.296875 0.041015625 0.046875
0 0.43359375 0.296875 0.046875 0.0546875
0 0.4765625 0.296875 0.04296875 0.05859375
0 0.521484375 0.2958984375 0.04296875 0.056640625
0 0.564453125 0.2958984375 0.046875 0.056640625
0 0.609375 0.296875 0.04296875 0.05859375
0 0.65625 0.296875 0.04296875 0.0546875
0 0.6982421875 0.296875 0.044921875 0.0546875
0 0.7412109375 0.2978515625 0.041015625 0.056640625
0 0.78515625 0.298828125 0.05078125 0.0546875
