0 0.1025390625 0.1552734375 0.130859375 0.126953125
0 0.2392578125 0.1591796875 0.130859375 0.107421875
0 0.3642578125 0.16015625 0.119140625 0.11328125
0 0.4892578125 0.1591796875 0.134765625 0.119140625
0 0.619140625 0.158203125 0.12890625 0.109375
0 0.748046875 0.1611328125 0.1328125 0.115234375
0 0.8876953125 0.154296875 0.142578125 0.12890625
0 0.2734375 0.2734375 0.08203125 0.0625
0 0.3544921875 0.2724609375 0.076171875 0.064453125
0 0.4296875 0.2724609375 0.07421875 0.052734375
0 0.5087890625 0.2724609375 0.076171875 0.048828125
0 0.5791015625 0.279296875 0.068359375 0.04296875
0 0.6494140625 0.2744140625 0.068359375 0.060546875
0 0.720703125 0.2734375 0.078125 0.0625
