0 0.109375 0.072265625 0.140625 0.09765625
0 0.244140625 0.072265625 0.1328125 0.09375
0 0.376953125 0.0712890625 0.1328125 0.095703125
0 0.51171875 0.07421875 0.13671875 0.09375
0 0.6484375 0.072265625 0.140625 0.09375
0 0.107421875 0.173828125 0.10546875 0.078125
0 0.341796875 0.1708984375 0.12890625 0.091796875
0 0.439453125 0.181640625 0.1015625 0.07421875
0 0.5546875 0.173828125 0.1328125 0.0859375
0 0.79296875 0.1728515625 0.12109375 0.091796875
0 0.2197265625 0.2763671875 0.076171875 0.064453125
0 0.3037109375 0.279296875 0.095703125 0.0703125
0 0.3974609375 0.27734375 0.095703125 0.06640625
0 0.4912109375 0.27734375 0.099609375 0.06640625
0 0.5830078125 0.279296875 0.087890625 0.06640625
0 0.6748046875 0.2783203125 0.095703125 0.064453125
0 0.7705078125 0.2802734375 0.099609375 0.072265625
