0 0.8515625 0.0908203125 0.12109375 0.076171875
0 0.8515625 0.1669921875 0.1171875 0.072265625
0 0.857421875 0.2392578125 0.12109375 0.072265625
0 0.853515625 0.3154296875 0.09375 0.072265625
0 0.8564453125 0.3896484375 0.119140625 0.068359375
0 0.85546875 0.537109375 0.125 0.0703125
0 0.853515625 0.6103515625 0.125 0.076171875
0 0.8564453125 0.6845703125 0.126953125 0.072265625
0 0.8564453125 0.7587890625 0.119140625 0.076171875
0 0.857421875 0.8310546875 0.12109375 0.072265625
0 0.8583984375 0.9033203125 0.103515625 0.068359375
0 0.7119140625 0.09375 0.103515625 0.06640625
0 0.7158203125 0.16796875 0.119140625 0.07421875
0 0.7294921875 0.2412109375 0.095703125 0.068359375
0 0.7158203125 0.314453125 0.119140625 0.07421875
0 0.716796875 0.3896484375 0.10546875 0.072265625
0 0.720703125 0.4658203125 0.11328125 0.072265625
