0 0.87109375 0.15625 0.1640625 0.13671875
0 0.8681640625 0.3447265625 0.154296875 0.138671875
0 0.873046875 0.5322265625 0.17578125 0.126953125
0 0.8720703125 0.71875 0.154296875 0.13671875
0 0.4970703125 0.16015625 0.166015625 0.13671875
0 0.4951171875 0.3447265625 0.169921875 0.119140625
0 0.498046875 0.533203125 0.1640625 0.1328125
0 0.4951171875 0.71875 0.158203125 0.13671875
0 0.1142578125 0.16796875 0.177734375 0.1484375
0 0.115234375 0.3505859375 0.1796875 0.142578125
0 0.1162109375 0.5283203125 0.173828125 0.150390625
0 0.1181640625 0.7138671875 0.166015625 0.150390625
0 0.119140625 0.8935546875 0.171875 0.142578125
