0 0.1357421875 0.1376953125 0.087890625 0.060546875
0 0.2255859375 0.1376953125 0.091796875 0.060546875
0 0.37890625 0.1376953125 0.0859375 0.060546875
0 0.4677734375 0.134765625 0.091796875 0.0625
0 0.5546875 0.134765625 0.0859375 0.05859375
0 0.6455078125 0.134765625 0.091796875 0.0625
0 0.7373046875 0.1337890625 0.091796875 0.060546875
0 0.82421875 0.1328125 0.0859375 0.0625
0 0.154296875 0.244140625 0.13671875 0.09375
0 0.423828125 0.244140625 0.1328125 0.08984375
0 0.546875 0.2509765625 0.1171875 0.072265625
0 0.6806640625 0.2431640625 0.142578125 0.091796875
0 0.818359375 0.2421875 0.1328125 0.09765625
0 0.4130859375 0.3740234375 0.080078125 0.052734375
0 0.56640625 0.373046875 0.078125 0.05078125
