0 0.2412109375 0.0849609375 0.134765625 0.111328125
0 0.3955078125 0.083984375 0.173828125 0.12109375
0 0.5625 0.08203125 0.16015625 0.1171875
0 0.7314453125 0.08203125 0.181640625 0.11328125
0 0.138671875 0.1943359375 0.09375 0.080078125
0 0.244140625 0.1943359375 0.12109375 0.080078125
0 0.3603515625 0.1923828125 0.107421875 0.068359375
0 0.4638671875 0.193359375 0.091796875 0.07421875
0 0.5546875 0.193359375 0.09375 0.05859375
0 0.65625 0.19140625 0.1015625 0.07421875
0 0.75390625 0.189453125 0.1015625 0.0703125
0 0.859375 0.1943359375 0.09375 0.068359375
