0 0.068359375 0.2294921875 0.12890625 0.083984375
0 0.185546875 0.2294921875 0.09765625 0.087890625
0 0.302734375 0.228515625 0.12890625 0.078125
0 0.42578125 0.228515625 0.1171875 0.0859375
0 0.5341796875 0.236328125 0.095703125 0.0703125
0 0.650390625 0.2265625 0.12890625 0.08984375
0 0.77734375 0.2275390625 0.13671875 0.091796875
0 0.9072265625 0.2265625 0.123046875 0.09375
0 0.3515625 0.3212890625 0.125 0.080078125
0 0.486328125 0.322265625 0.12890625 0.1015625
0 0.6181640625 0.3212890625 0.138671875 0.087890625
