0 0.134765625 0.16015625 0.05078125 0.08203125
0 0.1923828125 0.16015625 0.060546875 0.07421875
0 0.2548828125 0.158203125 0.056640625 0.07421875
0 0.3095703125 0.158203125 0.056640625 0.07421875
0 0.3701171875 0.162109375 0.060546875 0.078125
0 0.423828125 0.1669921875 0.046875 0.072265625
0 0.4814453125 0.1572265625 0.060546875 0.076171875
0 0.54296875 0.15234375 0.0625 0.08984375
0 0.662109375 0.154296875 0.0625 0.08203125
0 0.7236328125 0.1552734375 0.056640625 0.060546875
0 0.78515625 0.15625 0.0625 0.07421875
0 0.8466796875 0.158203125 0.060546875 0.07421875
0 0.22265625 0.23046875 0.0546875 0.04296875
0 0.2763671875 0.232421875 0.052734375 0.0390625
0 0.3291015625 0.2333984375 0.052734375 0.037109375
0 0.384765625 0.2333984375 0.05078125 0.037109375
0 0.4345703125 0.2333984375 0.052734375 0.037109375
0 0.48828125 0.2333984375 0.046875 0.037109375
0 0.5439453125 0.2314453125 0.052734375 0.041015625
0 0.59765625 0.2314453125 0.0546875 0.041015625
0 0.6513671875 0.232421875 0.048828125 0.0390625
0 0.7021484375 0.232421875 0.052734375 0.04296875
0 0.755859375 0.232421875 0.0546875 0.04296875
