0 0.16796875 0.1884765625 0.3046875 0.244140625
0 0.482421875 0.18359375 0.30078125 0.24609375
0 0.736328125 0.267578125 0.203125 0.203125
0 0.9169921875 0.2265625 0.150390625 0.12890625
0 0.677734375 0.109375 0.0859375 0.09375
0 0.765625 0.111328125 0.08203125 0.08984375
0 0.8525390625 0.1103515625 0.087890625 0.087890625
0 0.9423828125 0.1103515625 0.091796875 0.087890625
0 0.09375 0.384765625 0.1328125 0.140625
0 0.224609375 0.3828125 0.125 0.13671875
0 0.35546875 0.3759765625 0.1328125 0.138671875
0 0.453125 0.392578125 0.1015625 0.10546875
0 0.5625 0.3837890625 0.1171875 0.134765625
