0 0.583984375 0.0869140625 0.1640625 0.115234375
0 0.5810546875 0.205078125 0.181640625 0.125
0 0.578125 0.3251953125 0.19140625 0.119140625
0 0.57421875 0.4423828125 0.1875 0.119140625
0 0.57421875 0.5537109375 0.1875 0.123046875
0 0.57421875 0.6640625 0.16015625 0.09375
0 0.41015625 0.0849609375 0.171875 0.123046875
0 0.40234375 0.1982421875 0.10546875 0.107421875
0 0.3984375 0.3056640625 0.12890625 0.111328125
0 0.404296875 0.40625 0.16015625 0.08984375
0 0.4033203125 0.5224609375 0.087890625 0.076171875
