0 0.1181640625 0.470703125 0.111328125 0.07421875
0 0.2177734375 0.4716796875 0.091796875 0.068359375
0 0.314453125 0.47265625 0.09765625 0.0703125
0 0.4130859375 0.4716796875 0.107421875 0.072265625
0 0.095703125 0.5380859375 0.04296875 0.033203125
0 0.1396484375 0.5390625 0.048828125 0.03515625
0 0.185546875 0.537109375 0.046875 0.03125
0 0.2294921875 0.5380859375 0.052734375 0.033203125
0 0.2763671875 0.537109375 0.044921875 0.03125
0 0.318359375 0.537109375 0.04296875 0.03125
0 0.3583984375 0.537109375 0.041015625 0.03125
0 0.396484375 0.537109375 0.0390625 0.03125
0 0.4404296875 0.5361328125 0.044921875 0.033203125
0 0.4833984375 0.5361328125 0.037109375 0.033203125
0 0.5234375 0.53515625 0.04296875 0.03125
0 0.5634765625 0.5361328125 0.048828125 0.033203125
0 0.6064453125 0.53515625 0.041015625 0.03125
0 0.6494140625 0.53515625 0.048828125 0.03125
