0 0.138671875 0.17578125 0.1640625 0.10546875
0 0.2861328125 0.181640625 0.126953125 0.09765625
0 0.404296875 0.1806640625 0.11328125 0.091796875
0 0.5263671875 0.1787109375 0.134765625 0.095703125
0 0.6572265625 0.1796875 0.123046875 0.09765625
0 0.14453125 0.3046875 0.15234375 0.10546875
0 0.2861328125 0.3037109375 0.134765625 0.103515625
0 0.4140625 0.310546875 0.1328125 0.08984375
0 0.5517578125 0.302734375 0.146484375 0.10546875
0 0.697265625 0.3037109375 0.1484375 0.103515625
0 0.81640625 0.302734375 0.0859375 0.1015625
0 0.9033203125 0.302734375 0.091796875 0.1015625
