0 0.185546875 0.1201171875 0.12109375 0.068359375
0 0.2998046875 0.1259765625 0.103515625 0.056640625
0 0.4111328125 0.1240234375 0.111328125 0.068359375
0 0.5185546875 0.1240234375 0.103515625 0.060546875
0 0.6171875 0.130859375 0.08984375 0.046875
0 0.7255859375 0.125 0.111328125 0.06640625
0 0.84765625 0.1240234375 0.125 0.064453125
0 0.12890625 0.19921875 0.15625 0.0859375
0 0.287109375 0.201171875 0.15625 0.0859375
0 0.48828125 0.2001953125 0.15234375 0.087890625
0 0.6455078125 0.2021484375 0.158203125 0.087890625
0 0.7900390625 0.208984375 0.126953125 0.06640625
0 0.9140625 0.208984375 0.1171875 0.06640625
