0 0.19921875 0.1806640625 0.05859375 0.044921875
0 0.25390625 0.181640625 0.0546875 0.046875
0 0.224609375 0.2646484375 0.10546875 0.068359375
0 0.353515625 0.2646484375 0.10546875 0.072265625
0 0.48046875 0.265625 0.10546875 0.0703125
0 0.6083984375 0.263671875 0.099609375 0.0703125
0 0.1962890625 0.3388671875 0.052734375 0.037109375
0 0.2470703125 0.337890625 0.048828125 0.0390625
0 0.2978515625 0.33984375 0.052734375 0.0390625
0 0.349609375 0.3388671875 0.046875 0.037109375
0 0.400390625 0.3408203125 0.0546875 0.041015625
