0 0.2998046875 0.1708984375 0.087890625 0.087890625
0 0.375 0.1748046875 0.06640625 0.072265625
0 0.4560546875 0.1669921875 0.091796875 0.087890625
0 0.6279296875 0.1728515625 0.091796875 0.083984375
0 0.736328125 0.169921875 0.08984375 0.08984375
0 0.82421875 0.169921875 0.08203125 0.08984375
0 0.9091796875 0.169921875 0.087890625 0.08984375
0 0.5654296875 0.2744140625 0.095703125 0.091796875
0 0.6533203125 0.275390625 0.080078125 0.08984375
0 0.734375 0.2705078125 0.0859375 0.091796875
0 0.822265625 0.2734375 0.0859375 0.0859375
0 0.9091796875 0.2734375 0.091796875 0.08984375
