0 0.216796875 0.1962890625 0.08203125 0.064453125
0 0.3671875 0.19921875 0.0703125 0.05078125
0 0.4130859375 0.2041015625 0.044921875 0.052734375
0 0.470703125 0.19921875 0.06640625 0.05078125
0 0.5498046875 0.2021484375 0.087890625 0.060546875
0 0.6318359375 0.201171875 0.080078125 0.0625
0 0.7138671875 0.201171875 0.087890625 0.0625
0 0.7978515625 0.2001953125 0.083984375 0.060546875
0 0.2109375 0.2666015625 0.08203125 0.060546875
0 0.2841796875 0.267578125 0.064453125 0.05859375
0 0.349609375 0.2666015625 0.0546875 0.064453125
0 0.4130859375 0.267578125 0.072265625 0.0625
0 0.490234375 0.265625 0.08203125 0.0625
0 0.560546875 0.267578125 0.05078125 0.0625
