0 0.7685546875 0.107421875 0.138671875 0.09375
0 0.908203125 0.111328125 0.12890625 0.0859375
0 0.11328125 0.208984375 0.13671875 0.09765625
0 0.24609375 0.2080078125 0.125 0.099609375
0 0.376953125 0.2138671875 0.11328125 0.091796875
0 0.498046875 0.2138671875 0.1171875 0.087890625
0 0.6376953125 0.2119140625 0.134765625 0.103515625
0 0.7744140625 0.212890625 0.126953125 0.1015625
0 0.91015625 0.21484375 0.12890625 0.0859375
0 0.107421875 0.314453125 0.1484375 0.09375
0 0.2490234375 0.3125 0.126953125 0.09375
0 0.37890625 0.314453125 0.1328125 0.1015625
0 0.5185546875 0.3125 0.123046875 0.09375
0 0.6552734375 0.314453125 0.126953125 0.09765625
0 0.791015625 0.3193359375 0.12109375 0.095703125
