0 0.07421875 0.3837890625 0.14453125 0.189453125
0 0.248046875 0.38671875 0.109375 0.1875
0 0.5166015625 0.3935546875 0.271484375 0.205078125
0 0.8544921875 0.3935546875 0.275390625 0.216796875
0 0.0673828125 0.5615234375 0.130859375 0.095703125
0 0.234375 0.55859375 0.14453125 0.06640625
0 0.3974609375 0.560546875 0.115234375 0.0703125
0 0.5205078125 0.560546875 0.111328125 0.09375
0 0.6533203125 0.5615234375 0.087890625 0.103515625
0 0.79296875 0.5625 0.125 0.08984375
0 0.9423828125 0.5595703125 0.080078125 0.111328125
