0 0.8486328125 0.10546875 0.166015625 0.09765625
0 0.8505859375 0.294921875 0.142578125 0.12109375
0 0.849609375 0.478515625 0.15625 0.1171875
0 0.85546875 0.6689453125 0.17578125 0.091796875
0 0.5048828125 0.1015625 0.197265625 0.09765625
0 0.5 0.29296875 0.14453125 0.1171875
0 0.5048828125 0.466796875 0.169921875 0.1015625
0 0.15234375 0.1162109375 0.16796875 0.091796875
0 0.154296875 0.302734375 0.171875 0.08984375
0 0.1591796875 0.4814453125 0.162109375 0.107421875
0 0.1611328125 0.6640625 0.158203125 0.1171875
0 0.162109375 0.8486328125 0.16015625 0.119140625
