0 0.09765625 0.0966796875 0.11328125 0.099609375
0 0.2158203125 0.0966796875 0.103515625 0.099609375
0 0.3291015625 0.0966796875 0.111328125 0.095703125
0 0.44921875 0.0947265625 0.11328125 0.095703125
0 0.5517578125 0.091796875 0.083984375 0.09375
0 0.087890625 0.197265625 0.10546875 0.078125
0 0.1875 0.197265625 0.08203125 0.09765625
0 0.2724609375 0.20703125 0.083984375 0.05859375
0 0.3662109375 0.193359375 0.103515625 0.078125
0 0.4833984375 0.1923828125 0.095703125 0.095703125
0 0.693359375 0.19140625 0.109375 0.09375
0 0.7890625 0.205078125 0.0703125 0.06640625
0 0.8818359375 0.19140625 0.107421875 0.09375
