0 0.2900390625 0.1201171875 0.126953125 0.169921875
0 0.4248046875 0.1064453125 0.138671875 0.201171875
0 0.6650390625 0.1123046875 0.126953125 0.197265625
0 0.8984375 0.1142578125 0.10546875 0.193359375
0 0.099609375 0.3349609375 0.08984375 0.095703125
0 0.2197265625 0.3125 0.134765625 0.15234375
0 0.361328125 0.3125 0.140625 0.15234375
0 0.5009765625 0.3154296875 0.126953125 0.138671875
0 0.6103515625 0.33203125 0.087890625 0.11328125
0 0.7255859375 0.3095703125 0.138671875 0.150390625
0 0.87109375 0.3095703125 0.15625 0.154296875
