0 0.22265625 0.12890625 0.140625 0.10546875
0 0.357421875 0.1279296875 0.12890625 0.103515625
0 0.48828125 0.1279296875 0.12890625 0.115234375
0 0.6162109375 0.1279296875 0.119140625 0.103515625
0 0.740234375 0.1279296875 0.12109375 0.099609375
0 0.8662109375 0.1279296875 0.123046875 0.107421875
0 0.2275390625 0.236328125 0.126953125 0.1015625
0 0.35546875 0.2392578125 0.125 0.095703125
0 0.474609375 0.236328125 0.1171875 0.0859375
0 0.599609375 0.2373046875 0.12109375 0.099609375
0 0.732421875 0.2392578125 0.1328125 0.111328125
