0 0.6298828125 0.080078125 0.154296875 0.10546875
0 0.625 0.18359375 0.14453125 0.08984375
0 0.6259765625 0.2783203125 0.162109375 0.095703125
0 0.626953125 0.365234375 0.10546875 0.0703125
0 0.4560546875 0.08203125 0.126953125 0.1015625
0 0.458984375 0.1796875 0.15625 0.078125
0 0.4521484375 0.279296875 0.150390625 0.1015625
0 0.4580078125 0.3662109375 0.099609375 0.072265625
0 0.291015625 0.078125 0.13671875 0.10546875
0 0.2880859375 0.1796875 0.146484375 0.08984375
0 0.2890625 0.275390625 0.15625 0.09375
0 0.2880859375 0.373046875 0.146484375 0.09765625
0 0.283203125 0.46875 0.13671875 0.0859375
0 0.283203125 0.55859375 0.14453125 0.0859375
0 0.291015625 0.6533203125 0.140625 0.091796875
