0 0.1240234375 0.109375 0.240234375 0.16796875
0 0.3759765625 0.103515625 0.244140625 0.1328125
0 0.63671875 0.099609375 0.25390625 0.109375
0 0.8818359375 0.1064453125 0.216796875 0.197265625
0 0.0966796875 0.275390625 0.177734375 0.1484375
0 0.2958984375 0.279296875 0.193359375 0.140625
0 0.4794921875 0.2841796875 0.166015625 0.138671875
0 0.642578125 0.2841796875 0.1484375 0.130859375
0 0.8056640625 0.283203125 0.134765625 0.12890625
0 0.9326171875 0.28125 0.107421875 0.140625
0 0.1650390625 0.4228515625 0.142578125 0.119140625
0 0.3056640625 0.4228515625 0.126953125 0.119140625
0 0.4462890625 0.4248046875 0.130859375 0.107421875
0 0.578125 0.4326171875 0.109375 0.083984375
0 0.7021484375 0.42578125 0.123046875 0.109375
0 0.83984375 0.4287109375 0.1328125 0.103515625
