0 0.5869140625 0.0849609375 0.126953125 0.083984375
0 0.5869140625 0.1748046875 0.130859375 0.083984375
0 0.5888671875 0.26171875 0.068359375 0.08203125
0 0.5869140625 0.341796875 0.119140625 0.0703125
0 0.5859375 0.416015625 0.11328125 0.06640625
0 0.5849609375 0.49609375 0.134765625 0.08203125
0 0.583984375 0.583984375 0.09765625 0.0859375
0 0.4404296875 0.130859375 0.115234375 0.0859375
0 0.4404296875 0.2177734375 0.087890625 0.083984375
0 0.4365234375 0.2958984375 0.107421875 0.064453125
0 0.4423828125 0.3720703125 0.111328125 0.072265625
0 0.453125 0.4541015625 0.1171875 0.087890625
0 0.4384765625 0.5390625 0.103515625 0.078125
