0 0.353515625 0.205078125 0.19921875 0.1328125
0 0.5693359375 0.20703125 0.201171875 0.13671875
0 0.73046875 0.24609375 0.09765625 0.06640625
0 0.29296875 0.3154296875 0.1171875 0.056640625
0 0.4384765625 0.3154296875 0.103515625 0.064453125
0 0.5849609375 0.3173828125 0.087890625 0.064453125
0 0.7197265625 0.3193359375 0.111328125 0.072265625
0 0.3076171875 0.39453125 0.126953125 0.08203125
0 0.4267578125 0.39453125 0.103515625 0.0703125
0 0.5419921875 0.396484375 0.115234375 0.0859375
0 0.6416015625 0.40625 0.076171875 0.06640625
0 0.7275390625 0.408203125 0.087890625 0.0625
