0 0.857421875 0.087890625 0.125 0.07421875
0 0.859375 0.1591796875 0.12109375 0.068359375
0 0.8623046875 0.23046875 0.126953125 0.06640625
0 0.857421875 0.30078125 0.12890625 0.0703125
0 0.8603515625 0.37109375 0.123046875 0.0703125
0 0.8603515625 0.4423828125 0.123046875 0.068359375
0 0.8623046875 0.509765625 0.119140625 0.06640625
0 0.8701171875 0.57421875 0.099609375 0.0546875
0 0.8603515625 0.642578125 0.119140625 0.06640625
0 0.8623046875 0.7109375 0.119140625 0.0703125
0 0.8623046875 0.7822265625 0.119140625 0.056640625
0 0.8623046875 0.845703125 0.111328125 0.05859375
0 0.861328125 0.9111328125 0.10546875 0.064453125
0 0.7255859375 0.0869140625 0.119140625 0.072265625
0 0.7265625 0.162109375 0.125 0.07421875
