0 0.076171875 0.09765625 0.12890625 0.07421875
0 0.2060546875 0.0986328125 0.091796875 0.091796875
0 0.322265625 0.0986328125 0.12890625 0.080078125
0 0.4658203125 0.09765625 0.146484375 0.09765625
0 0.6083984375 0.095703125 0.138671875 0.09765625
0 0.759765625 0.0986328125 0.140625 0.099609375
0 0.8984375 0.0966796875 0.12890625 0.099609375
0 0.0771484375 0.1962890625 0.115234375 0.091796875
0 0.1787109375 0.1982421875 0.091796875 0.076171875
0 0.2744140625 0.1953125 0.095703125 0.0859375
0 0.3876953125 0.1953125 0.119140625 0.0859375
0 0.5205078125 0.1962890625 0.138671875 0.095703125
0 0.6513671875 0.1962890625 0.111328125 0.087890625
0 0.7734375 0.197265625 0.109375 0.08984375
0 0.8974609375 0.1962890625 0.123046875 0.083984375
