0 0.2646484375 0.08984375 0.080078125 0.05078125
0 0.345703125 0.0927734375 0.08203125 0.044921875
0 0.423828125 0.0908203125 0.0546875 0.048828125
0 0.4912109375 0.0908203125 0.072265625 0.052734375
0 0.5703125 0.0908203125 0.078125 0.052734375
0 0.6484375 0.091796875 0.0703125 0.05078125
0 0.1650390625 0.1650390625 0.095703125 0.072265625
0 0.267578125 0.16796875 0.1015625 0.0703125
0 0.3720703125 0.1669921875 0.099609375 0.072265625
0 0.478515625 0.169921875 0.10546875 0.0625
0 0.59375 0.1708984375 0.11328125 0.080078125
0 0.705078125 0.169921875 0.10546875 0.07421875
0 0.8134765625 0.1708984375 0.103515625 0.068359375
0 0.166015625 0.25 0.10546875 0.078125
0 0.2802734375 0.25 0.111328125 0.07421875
0 0.3916015625 0.251953125 0.107421875 0.0703125
0 0.5029296875 0.2529296875 0.107421875 0.072265625
0 0.6162109375 0.25 0.103515625 0.078125
0 0.72265625 0.25390625 0.09375 0.0703125
0 0.8173828125 0.255859375 0.083984375 0.0703125
