0 0.2255859375 0.1845703125 0.115234375 0.087890625
0 0.3408203125 0.185546875 0.107421875 0.08984375
0 0.451171875 0.1875 0.10546875 0.0859375
0 0.556640625 0.185546875 0.10546875 0.0859375
0 0.66796875 0.18359375 0.109375 0.08984375
0 0.7685546875 0.1904296875 0.095703125 0.068359375
0 0.3740234375 0.33203125 0.232421875 0.171875
0 0.6123046875 0.3359375 0.232421875 0.1796875
0 0.3408203125 0.4814453125 0.150390625 0.111328125
0 0.494140625 0.4814453125 0.14453125 0.103515625
0 0.6455078125 0.4814453125 0.150390625 0.107421875
