0 0.6044921875 0.400390625 0.064453125 0.04296875
0 0.666015625 0.3984375 0.05859375 0.0390625
0 0.7265625 0.3984375 0.05859375 0.04296875
0 0.783203125 0.3984375 0.05859375 0.0390625
0 0.84375 0.3994140625 0.05859375 0.041015625
0 0.9052734375 0.3984375 0.060546875 0.0390625
0 0.958984375 0.3984375 0.05078125 0.0390625
0 0.5927734375 0.47265625 0.103515625 0.09765625
0 0.703125 0.4736328125 0.109375 0.091796875
0 0.80859375 0.47265625 0.09765625 0.1015625
0 0.9267578125 0.4736328125 0.130859375 0.091796875
0 0.6884765625 0.60546875 0.154296875 0.109375
0 0.84765625 0.6025390625 0.16015625 0.107421875
