0 0.390625 0.1025390625 0.1484375 0.142578125
0 0.3857421875 0.2431640625 0.107421875 0.130859375
0 0.3857421875 0.3876953125 0.138671875 0.142578125
0 0.2333984375 0.099609375 0.134765625 0.1171875
0 0.23828125 0.240234375 0.125 0.13671875
0 0.2333984375 0.3876953125 0.134765625 0.119140625
0 0.232421875 0.533203125 0.12890625 0.1328125
0 0.0849609375 0.095703125 0.134765625 0.13671875
0 0.08203125 0.2421875 0.12890625 0.125
0 0.0810546875 0.3857421875 0.142578125 0.134765625
0 0.080078125 0.53125 0.140625 0.140625
