0 0.8876953125 0.0390625 0.181640625 0.03125
0 0.88671875 0.1552734375 0.18359375 0.134765625
0 0.88671875 0.30078125 0.1796875 0.14453125
0 0.8818359375 0.431640625 0.146484375 0.1015625
0 0.6337890625 0.0751953125 0.185546875 0.130859375
0 0.6533203125 0.203125 0.123046875 0.08984375
0 0.6376953125 0.3251953125 0.177734375 0.142578125
0 0.3662109375 0.08203125 0.123046875 0.1328125
0 0.37109375 0.2255859375 0.12109375 0.134765625
0 0.3623046875 0.34375 0.177734375 0.0546875
0 0.3603515625 0.4404296875 0.150390625 0.103515625
0 0.09375 0.091796875 0.18359375 0.13671875
0 0.1015625 0.2373046875 0.17578125 0.138671875
