0 0.4345703125 0.185546875 0.072265625 0.0546875
0 0.5107421875 0.1865234375 0.080078125 0.056640625
0 0.5859375 0.1865234375 0.07421875 0.056640625
0 0.658203125 0.1875 0.07421875 0.05078125
0 0.732421875 0.1865234375 0.078125 0.056640625
0 0.806640625 0.185546875 0.0703125 0.0546875
0 0.8798828125 0.185546875 0.076171875 0.0546875
0 0.53515625 0.2646484375 0.05078125 0.037109375
0 0.5859375 0.2646484375 0.05078125 0.037109375
0 0.6220703125 0.2666015625 0.021484375 0.037109375
0 0.6474609375 0.2646484375 0.033203125 0.033203125
0 0.6875 0.2646484375 0.046875 0.037109375
0 0.7353515625 0.2646484375 0.052734375 0.037109375
0 0.7861328125 0.263671875 0.048828125 0.0390625
