0 0.8623046875 0.064453125 0.103515625 0.078125
0 0.86328125 0.146484375 0.1171875 0.078125
0 0.8603515625 0.22265625 0.099609375 0.0625
0 0.8623046875 0.2998046875 0.115234375 0.076171875
0 0.8642578125 0.3798828125 0.115234375 0.076171875
0 0.716796875 0.0625 0.08984375 0.07421875
0 0.7119140625 0.1357421875 0.099609375 0.068359375
0 0.7158203125 0.208984375 0.107421875 0.07421875
0 0.716796875 0.2783203125 0.109375 0.064453125
0 0.7158203125 0.3486328125 0.095703125 0.068359375
0 0.7119140625 0.4248046875 0.103515625 0.064453125
0 0.724609375 0.4951171875 0.078125 0.072265625
0 0.7177734375 0.5693359375 0.103515625 0.072265625
0 0.716796875 0.64453125 0.09765625 0.06640625
