0 0.2431640625 0.1103515625 0.130859375 0.087890625
0 0.3623046875 0.1064453125 0.103515625 0.087890625
0 0.4658203125 0.11328125 0.099609375 0.0625
0 0.5751953125 0.10546875 0.123046875 0.08203125
0 0.701171875 0.1103515625 0.12109375 0.072265625
0 0.8564453125 0.1123046875 0.146484375 0.091796875
0 0.85546875 0.2080078125 0.140625 0.099609375
0 0.85546875 0.2978515625 0.13671875 0.080078125
0 0.8544921875 0.3828125 0.111328125 0.08984375
0 0.85546875 0.4755859375 0.11328125 0.091796875
0 0.849609375 0.5712890625 0.1015625 0.095703125
