0 0.162109375 0.2685546875 0.0703125 0.052734375
0 0.2265625 0.2705078125 0.05859375 0.048828125
0 0.2841796875 0.2705078125 0.056640625 0.060546875
0 0.333984375 0.2802734375 0.046875 0.041015625
0 0.3828125 0.2705078125 0.0546875 0.052734375
0 0.447265625 0.2705078125 0.0703125 0.072265625
0 0.5185546875 0.2705078125 0.072265625 0.064453125
0 0.591796875 0.2734375 0.078125 0.07421875
0 0.6591796875 0.26953125 0.060546875 0.0546875
0 0.705078125 0.2705078125 0.03515625 0.064453125
0 0.75390625 0.271484375 0.06640625 0.0703125
