0 0.16015625 0.1748046875 0.13671875 0.095703125
0 0.2919921875 0.17578125 0.119140625 0.08203125
0 0.4111328125 0.17578125 0.107421875 0.0703125
0 0.5205078125 0.1748046875 0.103515625 0.076171875
0 0.6328125 0.173828125 0.11328125 0.07421875
0 0.744140625 0.1748046875 0.11328125 0.072265625
0 0.85546875 0.1767578125 0.09765625 0.076171875
0 0.1953125 0.306640625 0.19921875 0.1484375
0 0.3994140625 0.30859375 0.197265625 0.15234375
0 0.6025390625 0.30859375 0.193359375 0.16015625
0 0.810546875 0.3046875 0.203125 0.16015625
0 0.248046875 0.447265625 0.1328125 0.09375
0 0.38671875 0.4501953125 0.140625 0.095703125
0 0.5048828125 0.4501953125 0.087890625 0.068359375
0 0.6201171875 0.4482421875 0.126953125 0.091796875
0 0.751953125 0.44921875 0.1328125 0.09375
