0 0.2529296875 0.1357421875 0.162109375 0.107421875
0 0.4208984375 0.13671875 0.154296875 0.109375
0 0.607421875 0.1396484375 0.1484375 0.099609375
0 0.7763671875 0.138671875 0.138671875 0.11328125
0 0.2783203125 0.2666015625 0.236328125 0.142578125
0 0.5224609375 0.2666015625 0.232421875 0.146484375
0 0.7412109375 0.2705078125 0.197265625 0.142578125
0 0.25 0.3984375 0.1640625 0.109375
0 0.42578125 0.4013671875 0.16796875 0.111328125
0 0.5966796875 0.3984375 0.154296875 0.09765625
0 0.7626953125 0.4013671875 0.154296875 0.107421875
