0 0.7509765625 0.107421875 0.146484375 0.0859375
0 0.75 0.2021484375 0.15234375 0.091796875
0 0.75 0.296875 0.14453125 0.08984375
0 0.7548828125 0.3935546875 0.154296875 0.087890625
0 0.7470703125 0.486328125 0.138671875 0.08984375
0 0.755859375 0.58203125 0.09375 0.08984375
0 0.58203125 0.1083984375 0.140625 0.087890625
0 0.5908203125 0.2021484375 0.134765625 0.095703125
0 0.5859375 0.2998046875 0.140625 0.091796875
0 0.5908203125 0.39453125 0.146484375 0.0859375
0 0.58984375 0.48828125 0.14453125 0.08984375
0 0.5888671875 0.57421875 0.126953125 0.078125
0 0.58984375 0.662109375 0.1328125 0.08984375
0 0.5927734375 0.755859375 0.154296875 0.09375
