0 0.6220703125 0.2294921875 0.126953125 0.083984375
0 0.619140625 0.3134765625 0.12890625 0.076171875
0 0.6162109375 0.3935546875 0.123046875 0.080078125
0 0.615234375 0.4765625 0.12109375 0.078125
0 0.6181640625 0.55859375 0.119140625 0.078125
0 0.6142578125 0.640625 0.103515625 0.07421875
0 0.470703125 0.2294921875 0.12890625 0.080078125
0 0.4677734375 0.3125 0.123046875 0.078125
0 0.4658203125 0.392578125 0.087890625 0.07421875
0 0.46484375 0.4775390625 0.125 0.083984375
0 0.46484375 0.560546875 0.125 0.078125
