0 0.14453125 0.173828125 0.20703125 0.125
0 0.3447265625 0.1689453125 0.177734375 0.126953125
0 0.4736328125 0.203125 0.076171875 0.05859375
0 0.5537109375 0.2041015625 0.083984375 0.060546875
0 0.634765625 0.2021484375 0.08203125 0.056640625
0 0.71875 0.2021484375 0.0859375 0.060546875
0 0.103515625 0.2744140625 0.1015625 0.064453125
0 0.2060546875 0.2734375 0.095703125 0.06640625
0 0.3076171875 0.2744140625 0.099609375 0.068359375
0 0.408203125 0.2724609375 0.1015625 0.064453125
0 0.5107421875 0.271484375 0.099609375 0.0625
0 0.6142578125 0.2705078125 0.095703125 0.064453125
0 0.712890625 0.2705078125 0.09765625 0.064453125
