0 0.162109375 0.2529296875 0.203125 0.142578125
0 0.3896484375 0.2529296875 0.205078125 0.134765625
0 0.6201171875 0.25 0.205078125 0.140625
0 0.8466796875 0.25 0.212890625 0.1484375
0 0.16015625 0.7470703125 0.19921875 0.142578125
0 0.3955078125 0.75 0.193359375 0.13671875
0 0.6162109375 0.75 0.208984375 0.13671875
0 0.84375 0.7490234375 0.19921875 0.138671875
0 0.1640625 0.90234375 0.21875 0.15234375
0 0.5029296875 0.8994140625 0.224609375 0.142578125
0 0.841796875 0.8974609375 0.203125 0.146484375
