0 0.072265625 0.1005859375 0.140625 0.103515625
0 0.2177734375 0.09765625 0.134765625 0.09765625
0 0.3583984375 0.09765625 0.138671875 0.08984375
0 0.505859375 0.0986328125 0.140625 0.095703125
0 0.6494140625 0.0986328125 0.138671875 0.095703125
0 0.0615234375 0.2109375 0.119140625 0.0859375
0 0.2861328125 0.2080078125 0.123046875 0.091796875
0 0.3818359375 0.2177734375 0.060546875 0.072265625
0 0.4775390625 0.20703125 0.107421875 0.08984375
0 0.697265625 0.205078125 0.11328125 0.08984375
0 0.193359375 0.302734375 0.05859375 0.05859375
0 0.2705078125 0.3037109375 0.087890625 0.064453125
0 0.3583984375 0.302734375 0.087890625 0.06640625
0 0.44921875 0.30078125 0.08984375 0.0625
0 0.5380859375 0.302734375 0.087890625 0.0703125
0 0.626953125 0.2998046875 0.0859375 0.064453125
