0 0.251953125 0.099609375 0.09375 0.08203125
0 0.3623046875 0.0986328125 0.115234375 0.080078125
0 0.478515625 0.1005859375 0.109375 0.080078125
0 0.5927734375 0.099609375 0.111328125 0.08203125
0 0.705078125 0.099609375 0.109375 0.08203125
0 0.8203125 0.099609375 0.11328125 0.078125
0 0.3271484375 0.1826171875 0.099609375 0.068359375
0 0.4345703125 0.1826171875 0.107421875 0.076171875
0 0.5419921875 0.1845703125 0.099609375 0.080078125
0 0.642578125 0.1875 0.10546875 0.078125
0 0.7490234375 0.1826171875 0.107421875 0.076171875
