0 0.4326171875 0.1279296875 0.115234375 0.068359375
0 0.4306640625 0.2626953125 0.134765625 0.056640625
0 0.4384765625 0.3232421875 0.126953125 0.060546875
0 0.431640625 0.4052734375 0.1328125 0.091796875
0 0.4345703125 0.474609375 0.138671875 0.0390625
0 0.4365234375 0.5283203125 0.119140625 0.056640625
0 0.2958984375 0.1396484375 0.138671875 0.095703125
0 0.2958984375 0.23046875 0.103515625 0.078125
0 0.2958984375 0.31640625 0.123046875 0.0859375
0 0.2958984375 0.404296875 0.123046875 0.08203125
0 0.2958984375 0.4853515625 0.123046875 0.064453125
0 0.2958984375 0.56640625 0.138671875 0.09375
