0 0.7978515625 0.0927734375 0.169921875 0.099609375
0 0.80078125 0.1962890625 0.1640625 0.095703125
0 0.8037109375 0.298828125 0.181640625 0.09375
0 0.79296875 0.380859375 0.12890625 0.06640625
0 0.7978515625 0.4619140625 0.115234375 0.083984375
0 0.7958984375 0.54296875 0.123046875 0.078125
0 0.7890625 0.640625 0.1484375 0.09765625
0 0.5625 0.0908203125 0.15625 0.103515625
0 0.5625 0.1904296875 0.078125 0.080078125
0 0.5595703125 0.27734375 0.126953125 0.078125
0 0.564453125 0.3671875 0.09375 0.08984375
0 0.345703125 0.283203125 0.15234375 0.07421875
0 0.345703125 0.3671875 0.15625 0.08203125
0 0.3486328125 0.4609375 0.138671875 0.09765625
0 0.33984375 0.548828125 0.14453125 0.07421875
0 0.3466796875 0.6416015625 0.154296875 0.099609375
