0 0.1220703125 0.1982421875 0.107421875 0.076171875
0 0.228515625 0.197265625 0.09375 0.07421875
0 0.3291015625 0.1943359375 0.099609375 0.076171875
0 0.4345703125 0.1943359375 0.103515625 0.080078125
0 0.5361328125 0.1923828125 0.099609375 0.083984375
0 0.638671875 0.19140625 0.10546875 0.078125
0 0.7421875 0.19140625 0.09375 0.078125
0 0.8310546875 0.19921875 0.083984375 0.0546875
0 0.9140625 0.1982421875 0.078125 0.056640625
0 0.1240234375 0.275390625 0.095703125 0.0703125
0 0.2314453125 0.2744140625 0.099609375 0.068359375
0 0.3291015625 0.275390625 0.091796875 0.07421875
0 0.5126953125 0.27734375 0.103515625 0.07421875
