0 0.103515625 0.1015625 0.1875 0.1953125
0 0.3037109375 0.1025390625 0.189453125 0.201171875
0 0.4990234375 0.103515625 0.189453125 0.19921875
0 0.6962890625 0.107421875 0.189453125 0.203125
0 0.8916015625 0.1064453125 0.181640625 0.205078125
0 0.0478515625 0.2578125 0.060546875 0.0703125
0 0.177734375 0.255859375 0.06640625 0.0703125
0 0.232421875 0.2646484375 0.046875 0.056640625
0 0.2880859375 0.2607421875 0.064453125 0.068359375
0 0.416015625 0.2587890625 0.0625 0.064453125
0 0.54296875 0.26171875 0.0703125 0.0703125
0 0.611328125 0.2646484375 0.0546875 0.076171875
0 0.7314453125 0.265625 0.142578125 0.10546875
0 0.8994140625 0.2724609375 0.181640625 0.119140625
0 0.095703125 0.388671875 0.17578125 0.16015625
0 0.2822265625 0.392578125 0.189453125 0.15234375
0 0.4755859375 0.39453125 0.181640625 0.15234375
0 0.6669921875 0.3974609375 0.181640625 0.154296875
0 0.1044921875 0.5517578125 0.205078125 0.158203125
0 0.3173828125 0.5537109375 0.224609375 0.158203125
0 0.525390625 0.552734375 0.1796875 0.1484375
0 0.705078125 0.56640625 0.16796875 0.109375
0 0.888671875 0.55859375 0.1875 0.1484375
