0 0.83984375 0.0830078125 0.22265625 0.138671875
0 0.84765625 0.232421875 0.24609375 0.140625
0 0.8486328125 0.3671875 0.244140625 0.11328125
0 0.849609375 0.5048828125 0.24609375 0.134765625
0 0.5966796875 0.0888671875 0.240234375 0.162109375
0 0.5986328125 0.2548828125 0.220703125 0.154296875
0 0.5986328125 0.42578125 0.244140625 0.16015625
0 0.6025390625 0.546875 0.123046875 0.07421875
0 0.3876953125 0.0576171875 0.166015625 0.080078125
0 0.392578125 0.2138671875 0.16796875 0.083984375
0 0.3955078125 0.3017578125 0.162109375 0.080078125
0 0.3876953125 0.390625 0.158203125 0.078125
0 0.3876953125 0.4755859375 0.158203125 0.076171875
0 0.3935546875 0.55859375 0.130859375 0.06640625
0 0.1552734375 0.125 0.263671875 0.19140625
0 0.1650390625 0.3173828125 0.212890625 0.173828125
