0 0.2568359375 0.20703125 0.076171875 0.05859375
0 0.3359375 0.20703125 0.07421875 0.0546875
0 0.4189453125 0.205078125 0.083984375 0.0546875
0 0.5029296875 0.2060546875 0.080078125 0.056640625
0 0.59375 0.20703125 0.0859375 0.0625
0 0.1328125 0.2509765625 0.15625 0.119140625
0 0.259765625 0.2822265625 0.08203125 0.052734375
0 0.36328125 0.2744140625 0.10546875 0.076171875
0 0.46875 0.2744140625 0.09375 0.068359375
0 0.572265625 0.275390625 0.10546875 0.06640625
0 0.68359375 0.27734375 0.10546875 0.0703125
0 0.7978515625 0.2744140625 0.107421875 0.068359375
0 0.9326171875 0.2802734375 0.091796875 0.060546875
0 0.076171875 0.36328125 0.09375 0.06640625
0 0.1708984375 0.3642578125 0.095703125 0.064453125
0 0.2587890625 0.3642578125 0.083984375 0.064453125
0 0.3466796875 0.3642578125 0.083984375 0.064453125
0 0.4384765625 0.365234375 0.103515625 0.06640625
