0 0.1513671875 0.16796875 0.099609375 0.07421875
0 0.2548828125 0.166015625 0.095703125 0.078125
0 0.357421875 0.1640625 0.1015625 0.07421875
0 0.4580078125 0.166015625 0.095703125 0.078125
0 0.5546875 0.166015625 0.09375 0.0625
0 0.6474609375 0.1669921875 0.091796875 0.068359375
0 0.7412109375 0.1640625 0.087890625 0.0625
0 0.8330078125 0.1650390625 0.095703125 0.064453125
0 0.33984375 0.2451171875 0.1015625 0.068359375
0 0.4462890625 0.2431640625 0.099609375 0.076171875
0 0.5478515625 0.244140625 0.095703125 0.0703125
0 0.6455078125 0.2421875 0.099609375 0.07421875
