0 0.216796875 0.181640625 0.16015625 0.17578125
0 0.3876953125 0.1826171875 0.162109375 0.173828125
0 0.55859375 0.1826171875 0.16015625 0.169921875
0 0.73046875 0.1826171875 0.16796875 0.173828125
0 0.900390625 0.1826171875 0.16015625 0.169921875
0 0.091796875 0.3564453125 0.17578125 0.126953125
0 0.236328125 0.3564453125 0.10546875 0.123046875
0 0.359375 0.3583984375 0.12109375 0.123046875
0 0.5029296875 0.3603515625 0.150390625 0.107421875
0 0.640625 0.3603515625 0.1171875 0.119140625
0 0.7578125 0.359375 0.10546875 0.1171875
0 0.90625 0.3515625 0.171875 0.125
0 0.08984375 0.49609375 0.16015625 0.1171875
0 0.267578125 0.49609375 0.1640625 0.12890625
0 0.4208984375 0.4931640625 0.138671875 0.123046875
0 0.578125 0.4990234375 0.1484375 0.119140625
0 0.71875 0.498046875 0.1171875 0.125
