0 0.1357421875 0.1240234375 0.134765625 0.115234375
0 0.2734375 0.125 0.1328125 0.11328125
0 0.38671875 0.13671875 0.08984375 0.08203125
0 0.49609375 0.1220703125 0.12890625 0.115234375
0 0.6328125 0.1240234375 0.1328125 0.119140625
0 0.7685546875 0.123046875 0.130859375 0.1171875
0 0.9013671875 0.1240234375 0.123046875 0.115234375
0 0.166015625 0.271484375 0.19140625 0.1640625
0 0.333984375 0.2666015625 0.12109375 0.076171875
0 0.4658203125 0.2666015625 0.115234375 0.083984375
0 0.61328125 0.25390625 0.16015625 0.10546875
0 0.884765625 0.25 0.14453125 0.10546875
