0 0.0927734375 0.1552734375 0.130859375 0.091796875
0 0.2275390625 0.1533203125 0.123046875 0.091796875
0 0.0869140625 0.2607421875 0.091796875 0.087890625
0 0.1953125 0.255859375 0.109375 0.07421875
0 0.3076171875 0.259765625 0.095703125 0.0703125
0 0.412109375 0.2568359375 0.09375 0.068359375
0 0.623046875 0.2548828125 0.0859375 0.080078125
0 0.7041015625 0.2734375 0.056640625 0.046875
0 0.7958984375 0.255859375 0.115234375 0.07421875
0 0.0908203125 0.3564453125 0.123046875 0.072265625
0 0.21875 0.3515625 0.125 0.09375
0 0.3447265625 0.3505859375 0.115234375 0.095703125
0 0.474609375 0.353515625 0.125 0.09375
