0 0.1455078125 0.1171875 0.181640625 0.125
0 0.33203125 0.1162109375 0.17578125 0.123046875
0 0.1396484375 0.2490234375 0.158203125 0.115234375
0 0.3134765625 0.2421875 0.177734375 0.10546875
0 0.47265625 0.2607421875 0.12109375 0.083984375
0 0.1279296875 0.365234375 0.158203125 0.09765625
0 0.27734375 0.361328125 0.12890625 0.1015625
0 0.41796875 0.36328125 0.14453125 0.10546875
0 0.5625 0.3603515625 0.13671875 0.099609375
0 0.70703125 0.361328125 0.13671875 0.1015625
0 0.853515625 0.359375 0.1328125 0.10546875
