0 0.1806640625 0.138671875 0.302734375 0.1328125
0 0.5068359375 0.1259765625 0.310546875 0.138671875
0 0.8125 0.1279296875 0.27734375 0.146484375
0 0.1806640625 0.28125 0.314453125 0.1484375
0 0.5 0.27734375 0.296875 0.14453125
0 0.8115234375 0.275390625 0.314453125 0.140625
0 0.130859375 0.4072265625 0.18359375 0.103515625
0 0.318359375 0.4072265625 0.16796875 0.095703125
0 0.4990234375 0.4072265625 0.173828125 0.095703125
0 0.6865234375 0.4013671875 0.185546875 0.091796875
0 0.8798828125 0.4033203125 0.193359375 0.099609375
