0 0.087890625 0.1455078125 0.16015625 0.123046875
0 0.263671875 0.146484375 0.171875 0.125
0 0.4228515625 0.15234375 0.138671875 0.09765625
0 0.583984375 0.1484375 0.15234375 0.12109375
0 0.744140625 0.1474609375 0.15625 0.119140625
0 0.900390625 0.1474609375 0.1328125 0.111328125
0 0.0947265625 0.3369140625 0.173828125 0.130859375
0 0.2626953125 0.3310546875 0.134765625 0.126953125
0 0.408203125 0.337890625 0.125 0.12890625
0 0.564453125 0.337890625 0.1484375 0.125
0 0.73046875 0.3330078125 0.1484375 0.126953125
0 0.8896484375 0.3349609375 0.150390625 0.126953125
