0 0.1640625 0.1396484375 0.078125 0.068359375
0 0.23828125 0.1416015625 0.06640625 0.072265625
0 0.3203125 0.1416015625 0.09375 0.072265625
0 0.40234375 0.1494140625 0.0703125 0.041015625
0 0.4765625 0.1435546875 0.0703125 0.068359375
0 0.5546875 0.138671875 0.078125 0.0625
0 0.6494140625 0.140625 0.107421875 0.078125
0 0.7529296875 0.1416015625 0.095703125 0.076171875
0 0.833984375 0.146484375 0.05859375 0.0625
0 0.1640625 0.234375 0.109375 0.08203125
0 0.279296875 0.234375 0.1015625 0.08203125
0 0.3818359375 0.2412109375 0.080078125 0.056640625
0 0.4853515625 0.234375 0.111328125 0.078125
0 0.5966796875 0.2353515625 0.099609375 0.080078125
0 0.7080078125 0.2353515625 0.107421875 0.080078125
0 0.818359375 0.236328125 0.10546875 0.08203125
