0 0.11328125 0.080078125 0.1328125 0.1015625
0 0.255859375 0.0810546875 0.12890625 0.095703125
0 0.4013671875 0.083984375 0.130859375 0.0859375
0 0.5478515625 0.08203125 0.115234375 0.09375
0 0.111328125 0.1806640625 0.12890625 0.087890625
0 0.2578125 0.1806640625 0.109375 0.091796875
0 0.3984375 0.18359375 0.125 0.0859375
0 0.11328125 0.2998046875 0.17578125 0.123046875
0 0.27734375 0.3017578125 0.1484375 0.119140625
0 0.4296875 0.3017578125 0.1328125 0.119140625
0 0.578125 0.3046875 0.16015625 0.12109375
0 0.1123046875 0.4296875 0.169921875 0.125
0 0.2841796875 0.423828125 0.162109375 0.1015625
0 0.4423828125 0.431640625 0.138671875 0.12890625
0 0.6005859375 0.431640625 0.162109375 0.11328125
0 0.1083984375 0.5595703125 0.150390625 0.119140625
0 0.275390625 0.5546875 0.14453125 0.10546875
0 0.419921875 0.5615234375 0.12890625 0.119140625
