0 0.0791015625 0.1630859375 0.080078125 0.068359375
0 0.1591796875 0.1630859375 0.080078125 0.072265625
0 0.236328125 0.162109375 0.07421875 0.0703125
0 0.3046875 0.1630859375 0.05078125 0.068359375
0 0.3623046875 0.1630859375 0.056640625 0.068359375
0 0.4267578125 0.1650390625 0.068359375 0.060546875
0 0.501953125 0.1630859375 0.07421875 0.064453125
0 0.5830078125 0.1640625 0.076171875 0.06640625
0 0.6630859375 0.1650390625 0.076171875 0.068359375
0 0.7392578125 0.1650390625 0.068359375 0.056640625
0 0.8134765625 0.1650390625 0.076171875 0.064453125
0 0.8984375 0.1650390625 0.078125 0.068359375
