0 0.10546875 0.1630859375 0.16796875 0.119140625
0 0.265625 0.1611328125 0.12890625 0.115234375
0 0.4169921875 0.166015625 0.142578125 0.1171875
0 0.5712890625 0.162109375 0.154296875 0.11328125
0 0.7421875 0.1640625 0.1640625 0.109375
0 0.9130859375 0.1640625 0.154296875 0.11328125
0 0.1591796875 0.3037109375 0.138671875 0.126953125
0 0.3095703125 0.30078125 0.138671875 0.12890625
0 0.55859375 0.3095703125 0.125 0.095703125
0 0.796875 0.3056640625 0.11328125 0.099609375
0 0.9482421875 0.3525390625 0.095703125 0.068359375
0 0.1064453125 0.447265625 0.173828125 0.125
0 0.27734375 0.453125 0.1640625 0.125
0 0.447265625 0.4521484375 0.16015625 0.126953125
