0 0.2412109375 0.455078125 0.126953125 0.1328125
0 0.3671875 0.4541015625 0.12109375 0.123046875
0 0.4921875 0.458984375 0.12109375 0.125
0 0.6142578125 0.4462890625 0.111328125 0.107421875
0 0.728515625 0.4599609375 0.10546875 0.123046875
0 0.8515625 0.458984375 0.1171875 0.125
0 0.3505859375 0.6337890625 0.080078125 0.166015625
0 0.4599609375 0.63671875 0.123046875 0.16796875
0 0.58984375 0.638671875 0.12109375 0.1640625
0 0.724609375 0.6416015625 0.12109375 0.130859375
0 0.8486328125 0.64453125 0.111328125 0.125
0 0.576171875 0.822265625 0.1171875 0.12109375
0 0.693359375 0.8232421875 0.11328125 0.126953125
0 0.8056640625 0.8291015625 0.099609375 0.123046875
