0 0.0869140625 0.2138671875 0.115234375 0.126953125
0 0.2041015625 0.2138671875 0.115234375 0.123046875
0 0.3193359375 0.212890625 0.107421875 0.125
0 0.4375 0.212890625 0.109375 0.125
0 0.5517578125 0.212890625 0.115234375 0.12890625
0 0.6533203125 0.1787109375 0.080078125 0.056640625
0 0.8125 0.173828125 0.08203125 0.05859375
0 0.888671875 0.1865234375 0.0625 0.052734375
0 0.65625 0.2421875 0.0859375 0.06640625
0 0.822265625 0.2431640625 0.08203125 0.068359375
0 0.095703125 0.349609375 0.1484375 0.125
0 0.25390625 0.349609375 0.15625 0.12890625
0 0.40625 0.3251953125 0.125 0.080078125
0 0.529296875 0.326171875 0.11328125 0.08203125
0 0.642578125 0.3271484375 0.11328125 0.083984375
0 0.7568359375 0.3271484375 0.119140625 0.083984375
0 0.8798828125 0.328125 0.119140625 0.0859375
