0 0.1630859375 0.1552734375 0.169921875 0.130859375
0 0.3271484375 0.1533203125 0.138671875 0.115234375
0 0.5390625 0.15234375 0.171875 0.125
0 0.70703125 0.14453125 0.15625 0.078125
0 0.8525390625 0.1533203125 0.123046875 0.111328125
0 0.0849609375 0.275390625 0.146484375 0.0859375
0 0.212890625 0.28125 0.1015625 0.09375
0 0.322265625 0.2783203125 0.10546875 0.087890625
0 0.439453125 0.2802734375 0.11328125 0.087890625
0 0.556640625 0.279296875 0.12109375 0.08984375
0 0.669921875 0.2783203125 0.09765625 0.091796875
0 0.7734375 0.2783203125 0.10546875 0.083984375
0 0.900390625 0.2802734375 0.14453125 0.095703125
