0 0.8955078125 0.072265625 0.123046875 0.06640625
0 0.892578125 0.1318359375 0.09375 0.052734375
0 0.8994140625 0.189453125 0.123046875 0.05859375
0 0.89453125 0.2470703125 0.11328125 0.056640625
0 0.8974609375 0.3037109375 0.103515625 0.052734375
0 0.90234375 0.361328125 0.10546875 0.05078125
0 0.8984375 0.4169921875 0.1171875 0.056640625
0 0.8955078125 0.48828125 0.123046875 0.078125
0 0.8974609375 0.568359375 0.119140625 0.07421875
0 0.896484375 0.6376953125 0.1171875 0.056640625
0 0.7666015625 0.08203125 0.123046875 0.078125
0 0.76953125 0.1611328125 0.12890625 0.076171875
0 0.767578125 0.2265625 0.125 0.05078125
0 0.7724609375 0.33203125 0.123046875 0.046875
0 0.80078125 0.3828125 0.05859375 0.04296875
0 0.7705078125 0.427734375 0.119140625 0.05078125
0 0.78125 0.486328125 0.09765625 0.0546875
0 0.7685546875 0.541015625 0.123046875 0.0546875
0 0.7705078125 0.5986328125 0.126953125 0.052734375
0 0.779296875 0.6435546875 0.109375 0.037109375
0 0.77734375 0.701171875 0.12890625 0.05859375
