0 0.0986328125 0.0771484375 0.130859375 0.087890625
0 0.23046875 0.0751953125 0.12890625 0.087890625
0 0.359375 0.076171875 0.12109375 0.0859375
0 0.4892578125 0.0751953125 0.123046875 0.087890625
0 0.09765625 0.1689453125 0.1328125 0.083984375
0 0.2314453125 0.16796875 0.126953125 0.0859375
0 0.359375 0.1689453125 0.12890625 0.083984375
0 0.4892578125 0.16796875 0.123046875 0.08203125
0 0.6142578125 0.1689453125 0.123046875 0.080078125
0 0.099609375 0.259765625 0.125 0.0859375
0 0.23046875 0.26171875 0.12890625 0.08984375
0 0.3564453125 0.259765625 0.123046875 0.08984375
0 0.4853515625 0.26171875 0.134765625 0.08984375
0 0.619140625 0.2607421875 0.125 0.087890625
