0 0.8916015625 0.083984375 0.158203125 0.08203125
0 0.91015625 0.169921875 0.08984375 0.08203125
0 0.8916015625 0.255859375 0.107421875 0.078125
0 0.703125 0.0869140625 0.14453125 0.072265625
0 0.70703125 0.169921875 0.1484375 0.08203125
0 0.708984375 0.248046875 0.12890625 0.05859375
0 0.70703125 0.3251953125 0.109375 0.083984375
0 0.7265625 0.4150390625 0.09375 0.087890625
0 0.7177734375 0.5068359375 0.169921875 0.087890625
0 0.71875 0.6064453125 0.1640625 0.095703125
0 0.521484375 0.0810546875 0.1640625 0.095703125
0 0.515625 0.181640625 0.15234375 0.09765625
0 0.5205078125 0.2802734375 0.154296875 0.091796875
0 0.5244140625 0.376953125 0.177734375 0.08984375
