0 0.5751953125 0.0849609375 0.181640625 0.123046875
0 0.5791015625 0.2080078125 0.177734375 0.119140625
0 0.38671875 0.0830078125 0.18359375 0.119140625
0 0.3916015625 0.201171875 0.099609375 0.109375
0 0.392578125 0.30859375 0.171875 0.09375
0 0.3818359375 0.408203125 0.138671875 0.09375
0 0.1298828125 0.083984375 0.181640625 0.12890625
0 0.130859375 0.208984375 0.1640625 0.109375
0 0.13671875 0.32421875 0.1640625 0.109375
0 0.1337890625 0.4267578125 0.169921875 0.083984375
0 0.12890625 0.5185546875 0.1796875 0.091796875
0 0.12890625 0.62109375 0.13671875 0.09375
