0 0.130859375 0.09375 0.09765625 0.0859375
0 0.25 0.09375 0.140625 0.11328125
0 0.3779296875 0.09375 0.103515625 0.08203125
0 0.47265625 0.09375 0.07421875 0.09765625
0 0.560546875 0.0908203125 0.09375 0.091796875
0 0.68359375 0.09375 0.14453125 0.11328125
0 0.818359375 0.0986328125 0.10546875 0.048828125
0 0.4345703125 0.2041015625 0.138671875 0.107421875
0 0.5634765625 0.2021484375 0.107421875 0.076171875
0 0.65625 0.2041015625 0.078125 0.091796875
0 0.7685546875 0.2041015625 0.123046875 0.103515625
0 0.892578125 0.203125 0.1171875 0.046875
