0 0.1396484375 0.1220703125 0.150390625 0.103515625
0 0.29296875 0.1240234375 0.14453125 0.107421875
0 0.4453125 0.123046875 0.1484375 0.109375
0 0.7177734375 0.11328125 0.130859375 0.09375
0 0.8544921875 0.1279296875 0.130859375 0.091796875
0 0.1240234375 0.2431640625 0.150390625 0.111328125
0 0.2841796875 0.2431640625 0.158203125 0.115234375
0 0.443359375 0.2431640625 0.15234375 0.111328125
0 0.576171875 0.248046875 0.10546875 0.06640625
0 0.7119140625 0.2451171875 0.154296875 0.107421875
0 0.8740234375 0.2451171875 0.158203125 0.103515625
