0 0.1416015625 0.138671875 0.123046875 0.1015625
0 0.26953125 0.1416015625 0.11328125 0.095703125
0 0.3876953125 0.1435546875 0.107421875 0.095703125
0 0.5087890625 0.1435546875 0.115234375 0.095703125
0 0.626953125 0.1435546875 0.1171875 0.099609375
0 0.7392578125 0.140625 0.091796875 0.09765625
0 0.8505859375 0.1416015625 0.130859375 0.099609375
0 0.1474609375 0.287109375 0.166015625 0.16015625
0 0.310546875 0.291015625 0.140625 0.15625
0 0.451171875 0.2880859375 0.1328125 0.146484375
0 0.587890625 0.29296875 0.13671875 0.1484375
0 0.74609375 0.29296875 0.140625 0.1640625
0 0.90234375 0.29296875 0.16796875 0.171875
0 0.125 0.439453125 0.11328125 0.08984375
0 0.2333984375 0.44140625 0.107421875 0.08984375
0 0.3447265625 0.44140625 0.099609375 0.08984375
0 0.447265625 0.443359375 0.09765625 0.08984375
0 0.5556640625 0.443359375 0.111328125 0.08984375
