0 0.1328125 0.2216796875 0.1484375 0.091796875
0 0.275390625 0.2197265625 0.12890625 0.091796875
0 0.3955078125 0.2177734375 0.099609375 0.072265625
0 0.1435546875 0.3173828125 0.138671875 0.091796875
0 0.26171875 0.3173828125 0.0859375 0.091796875
0 0.3818359375 0.3193359375 0.119140625 0.099609375
0 0.4931640625 0.3173828125 0.091796875 0.095703125
0 0.5849609375 0.32421875 0.083984375 0.08203125
0 0.1328125 0.416015625 0.1328125 0.09765625
0 0.263671875 0.4150390625 0.12109375 0.091796875
0 0.3701171875 0.4169921875 0.087890625 0.072265625
0 0.482421875 0.4189453125 0.12890625 0.095703125
0 0.6171875 0.41796875 0.1328125 0.09375
