0 0.2255859375 0.2890625 0.091796875 0.0703125
0 0.3193359375 0.2861328125 0.087890625 0.064453125
0 0.412109375 0.2890625 0.08984375 0.06640625
0 0.501953125 0.2900390625 0.08203125 0.068359375
0 0.5908203125 0.2890625 0.095703125 0.06640625
0 0.6865234375 0.2900390625 0.091796875 0.072265625
0 0.765625 0.2998046875 0.05859375 0.037109375
0 0.2255859375 0.369140625 0.099609375 0.0703125
0 0.3203125 0.369140625 0.0859375 0.06640625
0 0.4091796875 0.3671875 0.083984375 0.05859375
0 0.48046875 0.3671875 0.0625 0.0625
0 0.548828125 0.369140625 0.0625 0.0625
0 0.611328125 0.3720703125 0.0625 0.060546875
0 0.6787109375 0.3701171875 0.068359375 0.060546875
0 0.7568359375 0.3681640625 0.076171875 0.056640625
