0 0.646484375 0.1123046875 0.13671875 0.076171875
0 0.6455078125 0.1865234375 0.130859375 0.072265625
0 0.650390625 0.283203125 0.140625 0.07421875
0 0.6572265625 0.3583984375 0.126953125 0.068359375
0 0.6591796875 0.4306640625 0.142578125 0.068359375
0 0.650390625 0.505859375 0.140625 0.0703125
0 0.5048828125 0.1162109375 0.123046875 0.076171875
0 0.501953125 0.19140625 0.125 0.06640625
0 0.4970703125 0.2607421875 0.115234375 0.072265625
0 0.49609375 0.3427734375 0.140625 0.076171875
0 0.34375 0.1162109375 0.13671875 0.076171875
0 0.3466796875 0.19140625 0.130859375 0.06640625
0 0.34765625 0.267578125 0.13671875 0.0703125
0 0.3466796875 0.3369140625 0.130859375 0.064453125
0 0.345703125 0.41015625 0.12109375 0.07421875
0 0.3486328125 0.4873046875 0.134765625 0.076171875
