0 0.2060546875 0.1748046875 0.189453125 0.130859375
0 0.4033203125 0.173828125 0.189453125 0.12890625
0 0.5966796875 0.173828125 0.185546875 0.12890625
0 0.7958984375 0.17578125 0.201171875 0.1328125
0 0.3759765625 0.27734375 0.107421875 0.0703125
0 0.4833984375 0.2802734375 0.103515625 0.056640625
0 0.564453125 0.27734375 0.05078125 0.07421875
0 0.634765625 0.2783203125 0.0859375 0.072265625
0 0.205078125 0.380859375 0.19140625 0.12890625
0 0.404296875 0.3798828125 0.19140625 0.130859375
0 0.6005859375 0.3798828125 0.193359375 0.126953125
0 0.8017578125 0.3798828125 0.201171875 0.130859375
