0 0.0947265625 0.111328125 0.107421875 0.07421875
0 0.2001953125 0.111328125 0.095703125 0.078125
0 0.2998046875 0.1142578125 0.095703125 0.072265625
0 0.412109375 0.1123046875 0.1171875 0.068359375
0 0.53125 0.11328125 0.1171875 0.08203125
0 0.65234375 0.1142578125 0.1171875 0.080078125
0 0.7666015625 0.11328125 0.087890625 0.0703125
0 0.1015625 0.19140625 0.11328125 0.0625
0 0.1884765625 0.1962890625 0.044921875 0.080078125
0 0.2509765625 0.193359375 0.064453125 0.07421875
0 0.337890625 0.1904296875 0.09375 0.080078125
0 0.42578125 0.1943359375 0.08203125 0.076171875
0 0.5244140625 0.19140625 0.107421875 0.05078125
