0 0.7001953125 0.0947265625 0.142578125 0.080078125
0 0.703125 0.177734375 0.140625 0.08203125
0 0.7021484375 0.263671875 0.138671875 0.0859375
0 0.705078125 0.34375 0.12109375 0.06640625
0 0.7001953125 0.41796875 0.123046875 0.06640625
0 0.7060546875 0.4970703125 0.111328125 0.072265625
0 0.7060546875 0.5732421875 0.119140625 0.076171875
0 0.5146484375 0.1220703125 0.216796875 0.126953125
0 0.509765625 0.2578125 0.21484375 0.12890625
0 0.513671875 0.396484375 0.15625 0.13671875
0 0.2724609375 0.1015625 0.197265625 0.12109375
0 0.275390625 0.2255859375 0.19921875 0.111328125
0 0.2646484375 0.349609375 0.177734375 0.1171875
0 0.2763671875 0.4775390625 0.205078125 0.123046875
0 0.2734375 0.60546875 0.1953125 0.12890625
