0 0.1474609375 0.1435546875 0.126953125 0.095703125
0 0.2763671875 0.1455078125 0.119140625 0.091796875
0 0.3935546875 0.14453125 0.099609375 0.09765625
0 0.5048828125 0.142578125 0.115234375 0.09375
0 0.6240234375 0.1455078125 0.111328125 0.095703125
0 0.734375 0.14453125 0.09375 0.09765625
0 0.845703125 0.142578125 0.11328125 0.09375
0 0.1640625 0.29296875 0.14453125 0.15625
0 0.3173828125 0.30859375 0.123046875 0.12890625
0 0.44921875 0.29296875 0.12890625 0.15625
0 0.5947265625 0.2900390625 0.150390625 0.158203125
0 0.8876953125 0.2900390625 0.154296875 0.158203125
0 0.142578125 0.4462890625 0.109375 0.087890625
0 0.255859375 0.4462890625 0.09765625 0.087890625
0 0.353515625 0.4462890625 0.0859375 0.091796875
0 0.458984375 0.4423828125 0.11328125 0.095703125
0 0.5703125 0.4453125 0.10546875 0.09375
0 0.6826171875 0.4443359375 0.107421875 0.099609375
0 0.794921875 0.4443359375 0.10546875 0.095703125
0 0.9130859375 0.4423828125 0.119140625 0.099609375
