0 0.603515625 0.0654296875 0.16796875 0.119140625
0 0.6015625 0.1640625 0.125 0.078125
0 0.603515625 0.2470703125 0.140625 0.080078125
0 0.6103515625 0.3544921875 0.205078125 0.126953125
0 0.607421875 0.4833984375 0.20703125 0.123046875
0 0.6123046875 0.59765625 0.123046875 0.0859375
0 0.41015625 0.1181640625 0.21484375 0.134765625
0 0.412109375 0.2392578125 0.16015625 0.103515625
0 0.412109375 0.345703125 0.13671875 0.1015625
0 0.4208984375 0.44140625 0.138671875 0.08203125
0 0.41796875 0.52734375 0.13671875 0.08203125
0 0.4228515625 0.638671875 0.220703125 0.1328125
