0 0.5791015625 0.0478515625 0.119140625 0.076171875
0 0.5791015625 0.1142578125 0.091796875 0.048828125
0 0.5791015625 0.1923828125 0.119140625 0.072265625
0 0.576171875 0.2705078125 0.12109375 0.064453125
0 0.5732421875 0.34765625 0.119140625 0.07421875
0 0.5732421875 0.4375 0.126953125 0.078125
0 0.435546875 0.2578125 0.125 0.08203125
0 0.4345703125 0.3251953125 0.076171875 0.052734375
0 0.4306640625 0.4033203125 0.123046875 0.072265625
0 0.431640625 0.482421875 0.1171875 0.0625
0 0.4306640625 0.55859375 0.111328125 0.07421875
0 0.4365234375 0.6494140625 0.134765625 0.087890625
