0 0.826171875 0.1328125 0.18359375 0.08984375
0 0.826171875 0.216796875 0.17578125 0.078125
0 0.830078125 0.3037109375 0.18359375 0.083984375
0 0.828125 0.3896484375 0.171875 0.080078125
0 0.8310546875 0.470703125 0.181640625 0.078125
0 0.833984375 0.556640625 0.19140625 0.0859375
0 0.83203125 0.6259765625 0.11328125 0.048828125
0 0.8310546875 0.6923828125 0.177734375 0.080078125
0 0.8359375 0.78125 0.1796875 0.08203125
0 0.8349609375 0.86328125 0.166015625 0.078125
0 0.8388671875 0.9375 0.103515625 0.05859375
0 0.6240234375 0.134765625 0.185546875 0.08203125
0 0.6328125 0.216796875 0.17578125 0.078125
0 0.6357421875 0.3056640625 0.177734375 0.083984375
0 0.634765625 0.3896484375 0.1796875 0.083984375
