0 0.111328125 0.0654296875 0.17578125 0.123046875
0 0.294921875 0.0693359375 0.171875 0.123046875
0 0.47265625 0.0693359375 0.1640625 0.107421875
0 0.1982421875 0.2373046875 0.197265625 0.177734375
0 0.4013671875 0.2412109375 0.189453125 0.173828125
0 0.59765625 0.240234375 0.1875 0.18359375
0 0.794921875 0.2431640625 0.1953125 0.189453125
0 0.10546875 0.4150390625 0.16796875 0.162109375
0 0.2783203125 0.4169921875 0.146484375 0.169921875
0 0.6044921875 0.4150390625 0.130859375 0.169921875
0 0.7294921875 0.41015625 0.103515625 0.12890625
0 0.82421875 0.427734375 0.0859375 0.09765625
0 0.9248046875 0.412109375 0.099609375 0.125
