0 0.087890625 0.279296875 0.12890625 0.08984375
0 0.244140625 0.2802734375 0.12890625 0.083984375
0 0.40234375 0.279296875 0.125 0.08984375
0 0.5576171875 0.27734375 0.126953125 0.0859375
0 0.7138671875 0.2783203125 0.111328125 0.083984375
0 0.0849609375 0.4111328125 0.126953125 0.087890625
0 0.2451171875 0.4072265625 0.095703125 0.083984375
0 0.396484375 0.4072265625 0.125 0.083984375
0 0.5537109375 0.4091796875 0.119140625 0.083984375
0 0.724609375 0.4072265625 0.12890625 0.083984375
0 0.8818359375 0.404296875 0.134765625 0.0859375
