0 0.140625 0.123046875 0.13671875 0.07421875
0 0.29296875 0.1240234375 0.13671875 0.072265625
0 0.453125 0.1240234375 0.1484375 0.072265625
0 0.6015625 0.125 0.12890625 0.078125
0 0.751953125 0.1240234375 0.12109375 0.072265625
0 0.107421875 0.25390625 0.16015625 0.140625
0 0.2685546875 0.25390625 0.150390625 0.13671875
0 0.435546875 0.251953125 0.15625 0.140625
0 0.6025390625 0.25390625 0.154296875 0.14453125
0 0.765625 0.251953125 0.16015625 0.14453125
0 0.9208984375 0.265625 0.119140625 0.109375
0 0.0751953125 0.37890625 0.126953125 0.1015625
0 0.1982421875 0.376953125 0.119140625 0.1015625
0 0.318359375 0.37890625 0.1171875 0.09765625
0 0.439453125 0.3818359375 0.11328125 0.095703125
0 0.55859375 0.3828125 0.109375 0.0859375
0 0.67578125 0.384765625 0.11328125 0.1015625
0 0.796875 0.3828125 0.11328125 0.10546875
0 0.916015625 0.3828125 0.1171875 0.1015625
