0 0.1689453125 0.4443359375 0.091796875 0.060546875
0 0.2607421875 0.4423828125 0.091796875 0.068359375
0 0.3515625 0.443359375 0.09375 0.06640625
0 0.451171875 0.4462890625 0.09375 0.072265625
0 0.548828125 0.4453125 0.08984375 0.078125
0 0.6455078125 0.443359375 0.099609375 0.0703125
0 0.744140625 0.4443359375 0.09375 0.076171875
0 0.8369140625 0.447265625 0.087890625 0.06640625
0 0.2802734375 0.51953125 0.080078125 0.0703125
0 0.365234375 0.5185546875 0.078125 0.072265625
0 0.44921875 0.521484375 0.0859375 0.0703125
0 0.5341796875 0.51953125 0.080078125 0.0625
0 0.625 0.521484375 0.09375 0.0703125
0 0.72265625 0.521484375 0.09375 0.0703125
