0 0.3232421875 0.1025390625 0.177734375 0.111328125
0 0.515625 0.1025390625 0.18359375 0.107421875
0 0.3212890625 0.23046875 0.173828125 0.12890625
0 0.51171875 0.2333984375 0.17578125 0.134765625
0 0.701171875 0.232421875 0.17578125 0.1328125
0 0.89453125 0.23046875 0.1875 0.12109375
0 0.3271484375 0.375 0.185546875 0.12890625
0 0.5126953125 0.3701171875 0.169921875 0.119140625
0 0.8916015625 0.3671875 0.185546875 0.1171875
0 0.3203125 0.5048828125 0.16796875 0.115234375
0 0.490234375 0.5048828125 0.16015625 0.119140625
0 0.6611328125 0.5068359375 0.169921875 0.119140625
