0 0.193359375 0.3408203125 0.10546875 0.083984375
0 0.30078125 0.341796875 0.11328125 0.0859375
0 0.412109375 0.3427734375 0.09375 0.083984375
0 0.513671875 0.341796875 0.09765625 0.0859375
0 0.6279296875 0.33984375 0.107421875 0.08203125
0 0.7421875 0.3427734375 0.11328125 0.091796875
0 0.859375 0.3408203125 0.10546875 0.091796875
0 0.3095703125 0.4345703125 0.111328125 0.076171875
0 0.4208984375 0.435546875 0.107421875 0.07421875
0 0.521484375 0.44140625 0.09765625 0.05859375
0 0.6220703125 0.43359375 0.103515625 0.0859375
0 0.7353515625 0.43359375 0.111328125 0.08203125
