0 0.18359375 0.1982421875 0.13671875 0.103515625
0 0.330078125 0.1982421875 0.1484375 0.107421875
0 0.4794921875 0.19921875 0.146484375 0.10546875
0 0.171875 0.3369140625 0.125 0.107421875
0 0.3134765625 0.3330078125 0.142578125 0.103515625
0 0.4482421875 0.3330078125 0.099609375 0.115234375
0 0.58203125 0.3271484375 0.140625 0.083984375
0 0.7392578125 0.328125 0.146484375 0.109375
0 0.19140625 0.451171875 0.15234375 0.08984375
0 0.3583984375 0.447265625 0.134765625 0.09765625
0 0.5068359375 0.4453125 0.134765625 0.10546875
