0 0.091796875 0.2373046875 0.11328125 0.115234375
0 0.2060546875 0.240234375 0.107421875 0.11328125
0 0.3173828125 0.236328125 0.103515625 0.1171875
0 0.412109375 0.25 0.078125 0.09765625
0 0.513671875 0.2373046875 0.11328125 0.115234375
0 0.6337890625 0.2353515625 0.115234375 0.130859375
0 0.755859375 0.2353515625 0.1328125 0.130859375
0 0.8857421875 0.2353515625 0.115234375 0.126953125
0 0.0908203125 0.37109375 0.126953125 0.1328125
0 0.224609375 0.3720703125 0.12890625 0.130859375
0 0.357421875 0.373046875 0.12890625 0.1328125
0 0.48828125 0.369140625 0.125 0.1328125
0 0.6220703125 0.373046875 0.126953125 0.1328125
0 0.7578125 0.3720703125 0.12890625 0.130859375
0 0.888671875 0.3720703125 0.1328125 0.134765625
