0 0.0888671875 0.3447265625 0.158203125 0.162109375
0 0.251953125 0.3486328125 0.16015625 0.162109375
0 0.4111328125 0.353515625 0.146484375 0.14453125
0 0.5693359375 0.3544921875 0.158203125 0.162109375
0 0.7177734375 0.3515625 0.138671875 0.15234375
0 0.865234375 0.3505859375 0.1484375 0.158203125
0 0.0947265625 0.5146484375 0.162109375 0.154296875
0 0.2578125 0.515625 0.15234375 0.16015625
0 0.4208984375 0.517578125 0.142578125 0.140625
0 0.578125 0.513671875 0.15625 0.15234375
0 0.7451171875 0.517578125 0.146484375 0.15625
0 0.9013671875 0.517578125 0.150390625 0.15625
