0 0.861328125 0.078125 0.1328125 0.0859375
0 0.865234375 0.1630859375 0.125 0.080078125
0 0.8681640625 0.2470703125 0.130859375 0.080078125
0 0.8642578125 0.333984375 0.099609375 0.0859375
0 0.69921875 0.0810546875 0.12890625 0.087890625
0 0.7021484375 0.1640625 0.119140625 0.078125
0 0.703125 0.2509765625 0.09765625 0.087890625
0 0.54296875 0.080078125 0.10546875 0.0859375
0 0.548828125 0.1494140625 0.10546875 0.048828125
0 0.544921875 0.21484375 0.125 0.07421875
0 0.3837890625 0.080078125 0.126953125 0.08984375
0 0.37890625 0.1640625 0.12890625 0.07421875
0 0.384765625 0.2470703125 0.125 0.076171875
0 0.3837890625 0.3193359375 0.134765625 0.052734375
0 0.3828125 0.392578125 0.12109375 0.0859375
