0 0.13671875 0.2216796875 0.12890625 0.095703125
0 0.267578125 0.2236328125 0.1171875 0.095703125
0 0.3916015625 0.2236328125 0.111328125 0.103515625
0 0.1376953125 0.34375 0.119140625 0.1015625
0 0.2626953125 0.34375 0.126953125 0.09375
0 0.3896484375 0.3427734375 0.115234375 0.095703125
0 0.5146484375 0.3447265625 0.119140625 0.095703125
0 0.61328125 0.3603515625 0.06640625 0.060546875
0 0.6865234375 0.3623046875 0.076171875 0.064453125
0 0.759765625 0.36328125 0.07421875 0.0625
0 0.83203125 0.3623046875 0.06640625 0.064453125
0 0.4189453125 0.466796875 0.130859375 0.1015625
0 0.546875 0.4677734375 0.12109375 0.099609375
0 0.671875 0.466796875 0.12109375 0.09765625
0 0.79296875 0.4677734375 0.125 0.099609375
