0 0.265625 0.4140625 0.08984375 0.0625
0 0.380859375 0.416015625 0.08203125 0.05859375
0 0.490234375 0.4169921875 0.08984375 0.068359375
0 0.595703125 0.416015625 0.0859375 0.05859375
0 0.7041015625 0.416015625 0.083984375 0.06640625
0 0.8134765625 0.4169921875 0.087890625 0.068359375
0 0.91796875 0.4140625 0.09765625 0.06640625
0 0.0947265625 0.5185546875 0.060546875 0.041015625
0 0.2255859375 0.521484375 0.060546875 0.03515625
0 0.29296875 0.51953125 0.0546875 0.046875
0 0.431640625 0.494140625 0.12890625 0.08203125
0 0.5947265625 0.494140625 0.111328125 0.07421875
0 0.7373046875 0.4931640625 0.111328125 0.076171875
0 0.89453125 0.4931640625 0.12890625 0.080078125
