0 0.8095703125 0.1298828125 0.162109375 0.103515625
0 0.8056640625 0.240234375 0.169921875 0.09765625
0 0.8056640625 0.3486328125 0.169921875 0.103515625
0 0.802734375 0.4560546875 0.17578125 0.095703125
0 0.8095703125 0.55859375 0.134765625 0.1015625
0 0.62109375 0.1318359375 0.1640625 0.107421875
0 0.6201171875 0.2412109375 0.162109375 0.107421875
0 0.619140625 0.3505859375 0.1640625 0.103515625
0 0.619140625 0.455078125 0.13671875 0.09375
0 0.4326171875 0.1318359375 0.166015625 0.103515625
0 0.43359375 0.240234375 0.1640625 0.09765625
0 0.431640625 0.3447265625 0.15625 0.099609375
0 0.4326171875 0.453125 0.166015625 0.09765625
0 0.4267578125 0.5595703125 0.162109375 0.107421875
0 0.427734375 0.6689453125 0.1640625 0.087890625
0 0.248046875 0.130859375 0.16015625 0.09765625
0 0.2451171875 0.2451171875 0.177734375 0.107421875
