0 0.8974609375 0.294921875 0.134765625 0.0859375
0 0.9013671875 0.376953125 0.119140625 0.078125
0 0.8955078125 0.4560546875 0.103515625 0.072265625
0 0.9013671875 0.5361328125 0.107421875 0.080078125
0 0.7587890625 0.28125 0.119140625 0.0625
0 0.759765625 0.35546875 0.10546875 0.08203125
0 0.7607421875 0.435546875 0.103515625 0.07421875
0 0.7587890625 0.5068359375 0.119140625 0.056640625
0 0.6142578125 0.28515625 0.091796875 0.0703125
0 0.61328125 0.361328125 0.08984375 0.07421875
0 0.6201171875 0.439453125 0.123046875 0.078125
0 0.615234375 0.521484375 0.1015625 0.08203125
0 0.6142578125 0.603515625 0.091796875 0.078125
