0 0.35546875 0.0478515625 0.0546875 0.056640625
0 0.4169921875 0.0498046875 0.064453125 0.064453125
0 0.486328125 0.046875 0.07421875 0.06640625
0 0.560546875 0.048828125 0.0625 0.05859375
0 0.634765625 0.0478515625 0.07421875 0.064453125
0 0.705078125 0.046875 0.0703125 0.0625
0 0.7763671875 0.0478515625 0.056640625 0.060546875
0 0.8466796875 0.0498046875 0.072265625 0.060546875
0 0.919921875 0.05078125 0.06640625 0.0625
0 0.0830078125 0.125 0.095703125 0.06640625
0 0.1787109375 0.1240234375 0.064453125 0.064453125
0 0.2685546875 0.125 0.103515625 0.0703125
0 0.375 0.1240234375 0.1015625 0.072265625
0 0.482421875 0.1259765625 0.109375 0.072265625
0 0.591796875 0.1259765625 0.09765625 0.064453125
0 0.6962890625 0.123046875 0.107421875 0.078125
0 0.806640625 0.125 0.10546875 0.08203125
0 0.0859375 0.19921875 0.1015625 0.0703125
0 0.1923828125 0.1982421875 0.103515625 0.072265625
0 0.298828125 0.197265625 0.109375 0.0703125
0 0.4072265625 0.197265625 0.099609375 0.07421875
0 0.0859375 0.2724609375 0.10546875 0.072265625
0 0.193359375 0.271484375 0.1015625 0.0703125
0 0.3017578125 0.2705078125 0.099609375 0.072265625
0 0.41015625 0.2724609375 0.1015625 0.072265625
0 0.515625 0.2724609375 0.1015625 0.076171875
