0 0.103515625 0.0556640625 0.12109375 0.083984375
0 0.240234375 0.0546875 0.1328125 0.08984375
0 0.384765625 0.056640625 0.1328125 0.08984375
0 0.525390625 0.0546875 0.11328125 0.07421875
0 0.6455078125 0.0537109375 0.115234375 0.083984375
0 0.7763671875 0.0546875 0.123046875 0.08203125
0 0.9052734375 0.052734375 0.095703125 0.078125
0 0.126953125 0.1865234375 0.19921875 0.150390625
0 0.3310546875 0.1865234375 0.201171875 0.146484375
0 0.5263671875 0.1826171875 0.166015625 0.123046875
0 0.7080078125 0.1826171875 0.197265625 0.134765625
0 0.89453125 0.1748046875 0.16796875 0.142578125
