0 0.111328125 0.080078125 0.125 0.11328125
0 0.2412109375 0.0830078125 0.115234375 0.119140625
0 0.37109375 0.08203125 0.12109375 0.1171875
0 0.5029296875 0.083984375 0.126953125 0.12109375
0 0.6357421875 0.0869140625 0.123046875 0.115234375
0 0.7705078125 0.0859375 0.126953125 0.1171875
0 0.9033203125 0.0859375 0.130859375 0.1171875
0 0.1455078125 0.1962890625 0.083984375 0.080078125
0 0.2529296875 0.1962890625 0.115234375 0.083984375
0 0.3623046875 0.1923828125 0.103515625 0.064453125
0 0.46484375 0.1982421875 0.0859375 0.076171875
0 0.5576171875 0.19921875 0.103515625 0.05859375
0 0.666015625 0.2001953125 0.0859375 0.076171875
0 0.765625 0.1962890625 0.09765625 0.064453125
0 0.8662109375 0.201171875 0.095703125 0.07421875
