0 0.89453125 0.0625 0.15625 0.109375
0 0.89453125 0.177734375 0.16796875 0.109375
0 0.89453125 0.29296875 0.1796875 0.10546875
0 0.8974609375 0.4111328125 0.173828125 0.115234375
0 0.6787109375 0.345703125 0.154296875 0.09375
0 0.6845703125 0.4443359375 0.177734375 0.095703125
0 0.685546875 0.5419921875 0.140625 0.095703125
0 0.0859375 0.0556640625 0.16796875 0.107421875
0 0.08203125 0.16796875 0.12109375 0.11328125
0 0.0810546875 0.279296875 0.146484375 0.10546875
0 0.0859375 0.373046875 0.16796875 0.0703125
0 0.078125 0.4658203125 0.125 0.111328125
0 0.0810546875 0.572265625 0.158203125 0.09765625
