0 0.3212890625 0.0771484375 0.119140625 0.064453125
0 0.3251953125 0.1513671875 0.126953125 0.072265625
0 0.3310546875 0.2294921875 0.138671875 0.076171875
0 0.33203125 0.3095703125 0.12890625 0.080078125
0 0.333984375 0.392578125 0.10546875 0.078125
0 0.2041015625 0.0810546875 0.091796875 0.080078125
0 0.197265625 0.162109375 0.078125 0.078125
0 0.1923828125 0.248046875 0.130859375 0.0859375
0 0.1953125 0.3359375 0.12890625 0.08203125
0 0.2001953125 0.416015625 0.111328125 0.07421875
0 0.1982421875 0.494140625 0.087890625 0.07421875
0 0.1982421875 0.5673828125 0.115234375 0.060546875
