0 0.375 0.0849609375 0.09375 0.064453125
0 0.46484375 0.0849609375 0.07421875 0.064453125
0 0.546875 0.0859375 0.0859375 0.0703125
0 0.6328125 0.0869140625 0.08984375 0.068359375
0 0.15625 0.1513671875 0.07421875 0.060546875
0 0.236328125 0.1513671875 0.0859375 0.060546875
0 0.341796875 0.1513671875 0.08203125 0.064453125
0 0.419921875 0.1494140625 0.0625 0.060546875
0 0.4970703125 0.1513671875 0.080078125 0.056640625
0 0.6015625 0.15234375 0.0859375 0.0625
0 0.6865234375 0.1533203125 0.080078125 0.064453125
0 0.7734375 0.1533203125 0.0859375 0.068359375
0 0.86328125 0.1533203125 0.08984375 0.068359375
0 0.3818359375 0.244140625 0.146484375 0.1171875
0 0.513671875 0.248046875 0.1015625 0.1171875
0 0.638671875 0.2490234375 0.13671875 0.107421875
0 0.0703125 0.400390625 0.12109375 0.16796875
0 0.197265625 0.3994140625 0.109375 0.154296875
0 0.3154296875 0.396484375 0.103515625 0.16796875
0 0.4326171875 0.4013671875 0.119140625 0.169921875
0 0.5595703125 0.3994140625 0.115234375 0.173828125
0 0.6796875 0.3935546875 0.11328125 0.166015625
0 0.80859375 0.3984375 0.1171875 0.1796875
0 0.9326171875 0.3974609375 0.126953125 0.166015625
0 0.400390625 0.568359375 0.203125 0.16015625
0 0.5966796875 0.5732421875 0.189453125 0.154296875
