0 0.095703125 0.17578125 0.0703125 0.0625
0 0.173828125 0.177734375 0.078125 0.0625
0 0.25 0.17578125 0.05859375 0.0625
0 0.3203125 0.1728515625 0.07421875 0.064453125
0 0.3984375 0.1748046875 0.08203125 0.068359375
0 0.4853515625 0.173828125 0.080078125 0.0703125
0 0.5654296875 0.1767578125 0.080078125 0.060546875
0 0.6455078125 0.17578125 0.083984375 0.0703125
0 0.728515625 0.1767578125 0.08203125 0.064453125
0 0.8095703125 0.1748046875 0.080078125 0.068359375
0 0.890625 0.1767578125 0.0859375 0.068359375
