0 0.62109375 0.1025390625 0.203125 0.130859375
0 0.6162109375 0.2353515625 0.212890625 0.115234375
0 0.6083984375 0.3359375 0.126953125 0.06640625
0 0.61328125 0.4091796875 0.0859375 0.076171875
0 0.6181640625 0.51171875 0.216796875 0.125
0 0.6201171875 0.6435546875 0.212890625 0.126953125
0 0.3935546875 0.103515625 0.201171875 0.12890625
0 0.396484375 0.2333984375 0.21875 0.119140625
0 0.3828125 0.333984375 0.12109375 0.0703125
0 0.38671875 0.41015625 0.08984375 0.07421875
0 0.3896484375 0.509765625 0.208984375 0.12109375
0 0.3857421875 0.64453125 0.205078125 0.1328125
