0 0.8310546875 0.095703125 0.205078125 0.10546875
0 0.8310546875 0.2119140625 0.189453125 0.115234375
0 0.83203125 0.333984375 0.1796875 0.109375
0 0.8330078125 0.451171875 0.197265625 0.12109375
0 0.8369140625 0.5771484375 0.205078125 0.119140625
0 0.8056640625 0.6787109375 0.076171875 0.072265625
0 0.640625 0.09765625 0.15625 0.125
0 0.6357421875 0.228515625 0.189453125 0.12109375
0 0.6845703125 0.3251953125 0.068359375 0.072265625
0 0.6728515625 0.3994140625 0.091796875 0.072265625
0 0.46875 0.1455078125 0.09765625 0.064453125
0 0.4716796875 0.20703125 0.091796875 0.0546875
0 0.4775390625 0.26171875 0.091796875 0.05078125
0 0.4716796875 0.3232421875 0.068359375 0.056640625
0 0.4736328125 0.3818359375 0.087890625 0.052734375
0 0.4755859375 0.4404296875 0.099609375 0.052734375
0 0.47265625 0.4970703125 0.0859375 0.056640625
0 0.47265625 0.556640625 0.09765625 0.05859375
0 0.46875 0.6181640625 0.09765625 0.060546875
0 0.4716796875 0.6865234375 0.064453125 0.072265625
