0 0.08984375 0.0830078125 0.0703125 0.064453125
0 0.154296875 0.0830078125 0.05859375 0.064453125
0 0.21484375 0.08203125 0.05859375 0.0625
0 0.2724609375 0.08203125 0.056640625 0.0625
0 0.330078125 0.08203125 0.0546875 0.05078125
0 0.3828125 0.0830078125 0.05078125 0.052734375
0 0.431640625 0.083984375 0.04296875 0.0625
0 0.486328125 0.0830078125 0.05859375 0.052734375
0 0.5439453125 0.0830078125 0.060546875 0.060546875
0 0.607421875 0.0830078125 0.06640625 0.064453125
0 0.103515625 0.17578125 0.14453125 0.08203125
0 0.23828125 0.17578125 0.125 0.08203125
0 0.36328125 0.1767578125 0.1171875 0.083984375
0 0.474609375 0.17578125 0.09765625 0.09375
0 0.5986328125 0.1767578125 0.138671875 0.083984375
0 0.7431640625 0.173828125 0.138671875 0.08203125
0 0.876953125 0.1767578125 0.125 0.083984375
0 0.1142578125 0.3076171875 0.181640625 0.169921875
0 0.2978515625 0.3076171875 0.177734375 0.169921875
0 0.47265625 0.30859375 0.16796875 0.171875
0 0.6533203125 0.3076171875 0.181640625 0.169921875
0 0.802734375 0.3076171875 0.1171875 0.162109375
0 0.9111328125 0.3095703125 0.087890625 0.169921875
