0 0.873046875 0.0869140625 0.11328125 0.064453125
0 0.8740234375 0.154296875 0.107421875 0.0546875
0 0.873046875 0.220703125 0.078125 0.06640625
0 0.8740234375 0.294921875 0.060546875 0.0703125
0 0.748046875 0.0888671875 0.1015625 0.080078125
0 0.75 0.1552734375 0.1171875 0.048828125
0 0.751953125 0.2177734375 0.1015625 0.064453125
0 0.611328125 0.087890625 0.12109375 0.078125
0 0.6123046875 0.166015625 0.123046875 0.0703125
0 0.6123046875 0.2392578125 0.095703125 0.068359375
0 0.4873046875 0.0869140625 0.111328125 0.076171875
0 0.494140625 0.1552734375 0.10546875 0.056640625
0 0.4931640625 0.220703125 0.083984375 0.06640625
