0 0.8154296875 0.1455078125 0.326171875 0.248046875
0 0.7958984375 0.3251953125 0.169921875 0.103515625
0 0.5634765625 0.224609375 0.158203125 0.15625
0 0.5615234375 0.3876953125 0.201171875 0.138671875
0 0.5556640625 0.5302734375 0.169921875 0.123046875
0 0.3359375 0.18359375 0.22265625 0.1640625
0 0.322265625 0.330078125 0.1640625 0.1171875
0 0.3232421875 0.46875 0.205078125 0.15234375
0 0.10546875 0.255859375 0.19140625 0.15234375
0 0.0888671875 0.4140625 0.119140625 0.13671875
0 0.0947265625 0.5546875 0.162109375 0.1328125
