0 0.8017578125 0.1337890625 0.166015625 0.111328125
0 0.8056640625 0.2431640625 0.169921875 0.095703125
0 0.796875 0.3515625 0.16015625 0.10546875
0 0.794921875 0.4560546875 0.16796875 0.099609375
0 0.7919921875 0.56640625 0.169921875 0.109375
0 0.8017578125 0.6708984375 0.154296875 0.087890625
0 0.6171875 0.134765625 0.1640625 0.10546875
0 0.6103515625 0.2421875 0.154296875 0.09765625
0 0.6171875 0.3486328125 0.13671875 0.099609375
0 0.44140625 0.1328125 0.14453125 0.10546875
0 0.4345703125 0.2392578125 0.130859375 0.099609375
0 0.4296875 0.34765625 0.16015625 0.10546875
0 0.4287109375 0.4599609375 0.169921875 0.091796875
0 0.42578125 0.5625 0.140625 0.09375
0 0.4228515625 0.669921875 0.173828125 0.1015625
