0 0.0966796875 0.1787109375 0.162109375 0.095703125
0 0.240234375 0.177734375 0.109375 0.09765625
0 0.3720703125 0.1787109375 0.130859375 0.099609375
0 0.490234375 0.181640625 0.1015625 0.06640625
0 0.6171875 0.177734375 0.140625 0.09765625
0 0.7705078125 0.1787109375 0.146484375 0.103515625
0 0.896484375 0.181640625 0.09765625 0.078125
0 0.208984375 0.2861328125 0.14453125 0.107421875
0 0.3583984375 0.2841796875 0.138671875 0.103515625
0 0.4853515625 0.28515625 0.099609375 0.0703125
0 0.6171875 0.2841796875 0.1484375 0.103515625
0 0.7626953125 0.283203125 0.134765625 0.1015625
