0 0.3271484375 0.0830078125 0.103515625 0.080078125
0 0.427734375 0.0830078125 0.08984375 0.080078125
0 0.5234375 0.0849609375 0.08984375 0.083984375
0 0.6318359375 0.0810546875 0.107421875 0.087890625
0 0.1455078125 0.1640625 0.103515625 0.078125
0 0.2470703125 0.162109375 0.091796875 0.07421875
0 0.345703125 0.1640625 0.08984375 0.07421875
0 0.4453125 0.1630859375 0.1015625 0.076171875
0 0.5498046875 0.1669921875 0.095703125 0.076171875
0 0.658203125 0.1650390625 0.1015625 0.076171875
0 0.7607421875 0.162109375 0.083984375 0.078125
