0 0.3251953125 0.259765625 0.177734375 0.1171875
0 0.4951171875 0.2587890625 0.154296875 0.107421875
0 0.6611328125 0.2587890625 0.166015625 0.123046875
0 0.5 0.337890625 0.078125 0.046875
0 0.3115234375 0.4140625 0.138671875 0.09765625
0 0.4443359375 0.416015625 0.103515625 0.09765625
0 0.5595703125 0.4150390625 0.099609375 0.095703125
0 0.68359375 0.4150390625 0.1171875 0.095703125
0 0.3369140625 0.521484375 0.146484375 0.1015625
0 0.4912109375 0.521484375 0.146484375 0.1015625
0 0.64453125 0.5205078125 0.1484375 0.103515625
