0 0.056640625 0.087890625 0.078125 0.05078125
0 0.1357421875 0.0888671875 0.072265625 0.056640625
0 0.2119140625 0.0888671875 0.076171875 0.056640625
0 0.28515625 0.087890625 0.0703125 0.05078125
0 0.357421875 0.08984375 0.06640625 0.046875
0 0.4296875 0.08984375 0.078125 0.0546875
0 0.5048828125 0.0888671875 0.072265625 0.056640625
0 0.578125 0.0908203125 0.06640625 0.056640625
0 0.6494140625 0.0888671875 0.072265625 0.056640625
0 0.7216796875 0.08984375 0.060546875 0.05859375
0 0.08203125 0.185546875 0.140625 0.09765625
0 0.22265625 0.1845703125 0.12890625 0.095703125
0 0.3544921875 0.1845703125 0.130859375 0.099609375
0 0.490234375 0.185546875 0.12890625 0.09375
0 0.623046875 0.189453125 0.125 0.08203125
0 0.7568359375 0.1865234375 0.126953125 0.091796875
0 0.892578125 0.1865234375 0.13671875 0.091796875
0 0.28515625 0.283203125 0.51953125 0.0546875
