0 0.05859375 0.1630859375 0.1015625 0.111328125
0 0.1396484375 0.1728515625 0.048828125 0.091796875
0 0.2099609375 0.173828125 0.080078125 0.08984375
0 0.294921875 0.1728515625 0.08203125 0.087890625
0 0.3798828125 0.1708984375 0.087890625 0.091796875
0 0.5546875 0.162109375 0.0859375 0.10546875
0 0.6376953125 0.1650390625 0.076171875 0.103515625
0 0.712890625 0.17578125 0.05078125 0.08984375
0 0.77734375 0.1630859375 0.07421875 0.099609375
0 0.85546875 0.158203125 0.078125 0.1015625
0 0.94140625 0.1767578125 0.0859375 0.083984375
0 0.0595703125 0.2802734375 0.115234375 0.111328125
0 0.1630859375 0.2890625 0.080078125 0.08203125
0 0.2509765625 0.2880859375 0.080078125 0.056640625
0 0.3232421875 0.2890625 0.064453125 0.09765625
0 0.4169921875 0.27734375 0.111328125 0.109375
