0 0.3466796875 0.2080078125 0.095703125 0.072265625
0 0.4443359375 0.2119140625 0.095703125 0.068359375
0 0.537109375 0.2080078125 0.0703125 0.083984375
0 0.619140625 0.2080078125 0.08984375 0.076171875
0 0.7119140625 0.2177734375 0.080078125 0.044921875
0 0.8037109375 0.2080078125 0.099609375 0.072265625
0 0.3525390625 0.2978515625 0.123046875 0.076171875
0 0.4765625 0.294921875 0.12109375 0.0859375
0 0.59765625 0.2958984375 0.11328125 0.087890625
0 0.716796875 0.2939453125 0.1171875 0.083984375
