0 0.3251953125 0.7353515625 0.103515625 0.076171875
0 0.43359375 0.7353515625 0.11328125 0.072265625
0 0.541015625 0.736328125 0.10546875 0.07421875
0 0.650390625 0.7353515625 0.109375 0.076171875
0 0.76171875 0.732421875 0.1015625 0.078125
0 0.873046875 0.7353515625 0.12109375 0.076171875
0 0.2392578125 0.8173828125 0.111328125 0.064453125
0 0.33984375 0.8232421875 0.078125 0.072265625
0 0.443359375 0.8212890625 0.0859375 0.076171875
0 0.5478515625 0.8203125 0.103515625 0.06640625
0 0.6552734375 0.818359375 0.099609375 0.0703125
0 0.7509765625 0.818359375 0.091796875 0.07421875
0 0.8564453125 0.8173828125 0.103515625 0.072265625
0 0.958984375 0.818359375 0.0625 0.0703125
