0 0.3427734375 0.3056640625 0.111328125 0.095703125
0 0.45703125 0.3046875 0.09765625 0.09765625
0 0.55859375 0.3017578125 0.09375 0.087890625
0 0.2900390625 0.4248046875 0.107421875 0.087890625
0 0.3994140625 0.419921875 0.103515625 0.08203125
0 0.4970703125 0.4228515625 0.080078125 0.083984375
0 0.58984375 0.4228515625 0.1015625 0.083984375
0 0.3701171875 0.5400390625 0.099609375 0.083984375
0 0.4716796875 0.5400390625 0.091796875 0.083984375
0 0.5693359375 0.537109375 0.091796875 0.08984375
0 0.669921875 0.5341796875 0.09765625 0.076171875
0 0.2314453125 0.650390625 0.103515625 0.08203125
0 0.3193359375 0.66015625 0.064453125 0.0703125
0 0.3955078125 0.662109375 0.080078125 0.0703125
0 0.4833984375 0.6513671875 0.099609375 0.087890625
0 0.5810546875 0.6572265625 0.091796875 0.056640625
