0 0.888671875 0.05859375 0.125 0.07421875
0 0.884765625 0.1337890625 0.11328125 0.068359375
0 0.8935546875 0.2001953125 0.083984375 0.060546875
0 0.8896484375 0.267578125 0.115234375 0.06640625
0 0.8896484375 0.337890625 0.115234375 0.0703125
0 0.888671875 0.404296875 0.08984375 0.05859375
0 0.8896484375 0.462890625 0.076171875 0.05078125
0 0.7626953125 0.287109375 0.087890625 0.078125
0 0.7666015625 0.3486328125 0.087890625 0.041015625
0 0.7646484375 0.392578125 0.083984375 0.04296875
0 0.7646484375 0.4521484375 0.119140625 0.072265625
