0 0.1328125 0.10546875 0.171875 0.171875
0 0.296875 0.10546875 0.14453125 0.1640625
0 0.4658203125 0.1064453125 0.166015625 0.169921875
0 0.634765625 0.107421875 0.15625 0.17578125
0 0.7880859375 0.109375 0.138671875 0.15625
0 0.935546875 0.111328125 0.125 0.1640625
0 0.0869140625 0.30078125 0.095703125 0.16796875
0 0.193359375 0.3017578125 0.08984375 0.162109375
0 0.3193359375 0.302734375 0.138671875 0.1484375
0 0.4814453125 0.2978515625 0.158203125 0.166015625
0 0.646484375 0.3017578125 0.15625 0.169921875
