0 0.1162109375 0.0751953125 0.083984375 0.064453125
0 0.208984375 0.0732421875 0.08984375 0.064453125
0 0.2998046875 0.07421875 0.083984375 0.0625
0 0.38671875 0.072265625 0.08984375 0.0625
0 0.548828125 0.0634765625 0.1328125 0.087890625
0 0.685546875 0.0615234375 0.12890625 0.083984375
0 0.8603515625 0.0712890625 0.087890625 0.056640625
0 0.125 0.1494140625 0.09765625 0.076171875
0 0.2236328125 0.1494140625 0.091796875 0.076171875
0 0.30859375 0.15625 0.0703125 0.05859375
0 0.3876953125 0.1494140625 0.083984375 0.068359375
0 0.466796875 0.1484375 0.07421875 0.07421875
0 0.5537109375 0.1474609375 0.091796875 0.076171875
0 0.65234375 0.1474609375 0.08984375 0.072265625
