0 0.302734375 0.25390625 0.12890625 0.08203125
0 0.4306640625 0.2529296875 0.111328125 0.076171875
0 0.5498046875 0.2548828125 0.107421875 0.076171875
0 0.662109375 0.2548828125 0.1015625 0.080078125
0 0.7783203125 0.251953125 0.111328125 0.08203125
0 0.9091796875 0.251953125 0.123046875 0.08203125
0 0.3046875 0.3544921875 0.125 0.072265625
0 0.443359375 0.3544921875 0.1328125 0.083984375
0 0.572265625 0.3525390625 0.1171875 0.083984375
0 0.3046875 0.4599609375 0.13671875 0.083984375
0 0.4384765625 0.4609375 0.123046875 0.08203125
0 0.5517578125 0.4599609375 0.091796875 0.083984375
0 0.662109375 0.4609375 0.1015625 0.08203125
0 0.796875 0.458984375 0.12890625 0.08203125
0 0.26953125 0.576171875 0.0859375 0.09375
0 0.3701171875 0.57421875 0.099609375 0.09765625
0 0.486328125 0.5771484375 0.11328125 0.076171875
0 0.615234375 0.5771484375 0.12890625 0.076171875
0 0.728515625 0.5751953125 0.0703125 0.087890625
0 0.8369140625 0.5751953125 0.134765625 0.087890625
