0 0.068359375 0.107421875 0.07421875 0.0859375
0 0.1484375 0.10546875 0.07421875 0.0859375
0 0.2265625 0.1064453125 0.07421875 0.083984375
0 0.3037109375 0.1025390625 0.072265625 0.083984375
0 0.3837890625 0.10546875 0.080078125 0.08203125
0 0.4580078125 0.109375 0.056640625 0.0625
0 0.529296875 0.1044921875 0.0859375 0.083984375
0 0.61328125 0.10546875 0.078125 0.0859375
0 0.689453125 0.1083984375 0.078125 0.087890625
0 0.7705078125 0.1064453125 0.080078125 0.083984375
0 0.8486328125 0.107421875 0.072265625 0.0859375
0 0.923828125 0.1064453125 0.078125 0.083984375
