0 0.2626953125 0.0341796875 0.134765625 0.056640625
0 0.2666015625 0.1025390625 0.107421875 0.060546875
0 0.2880859375 0.177734375 0.087890625 0.08203125
0 0.26953125 0.2724609375 0.13671875 0.083984375
0 0.265625 0.3662109375 0.140625 0.091796875
0 0.2724609375 0.4638671875 0.142578125 0.095703125
0 0.26953125 0.5615234375 0.1015625 0.091796875
0 0.119140625 0.056640625 0.140625 0.09375
0 0.1220703125 0.158203125 0.150390625 0.09765625
0 0.1240234375 0.244140625 0.115234375 0.0703125
0 0.1220703125 0.3330078125 0.138671875 0.095703125
0 0.123046875 0.43359375 0.13671875 0.09765625
