0 0.83984375 0.0693359375 0.10546875 0.068359375
0 0.8408203125 0.1787109375 0.193359375 0.123046875
0 0.841796875 0.3115234375 0.19140625 0.126953125
0 0.83984375 0.4443359375 0.16015625 0.123046875
0 0.8369140625 0.5771484375 0.216796875 0.130859375
0 0.1337890625 0.0888671875 0.166015625 0.095703125
0 0.126953125 0.1943359375 0.15625 0.103515625
0 0.1298828125 0.30078125 0.150390625 0.1015625
0 0.1298828125 0.3974609375 0.150390625 0.080078125
0 0.1298828125 0.4912109375 0.162109375 0.099609375
0 0.134765625 0.5927734375 0.16796875 0.095703125
