0 0.1533203125 0.25 0.107421875 0.078125
0 0.2587890625 0.2529296875 0.099609375 0.080078125
0 0.3662109375 0.2490234375 0.103515625 0.076171875
0 0.4921875 0.25 0.1328125 0.09765625
0 0.625 0.2509765625 0.12890625 0.099609375
0 0.7626953125 0.2529296875 0.130859375 0.099609375
0 0.30078125 0.34765625 0.13671875 0.08984375
0 0.4404296875 0.3505859375 0.115234375 0.091796875
0 0.57421875 0.3486328125 0.12890625 0.091796875
0 0.71484375 0.3505859375 0.1328125 0.095703125
0 0.8505859375 0.349609375 0.134765625 0.09375
