0 0.1201171875 0.1923828125 0.197265625 0.154296875
0 0.3173828125 0.1904296875 0.173828125 0.150390625
0 0.51171875 0.1923828125 0.171875 0.154296875
0 0.7001953125 0.19140625 0.181640625 0.15234375
0 0.8896484375 0.1943359375 0.177734375 0.154296875
0 0.0732421875 0.298828125 0.095703125 0.05078125
0 0.181640625 0.34765625 0.1171875 0.08984375
0 0.3046875 0.3466796875 0.11328125 0.068359375
0 0.4326171875 0.349609375 0.119140625 0.08984375
0 0.5751953125 0.3798828125 0.126953125 0.095703125
0 0.70703125 0.3798828125 0.125 0.083984375
0 0.83984375 0.3828125 0.12890625 0.08984375
