0 0.103515625 0.1533203125 0.125 0.095703125
0 0.2294921875 0.15234375 0.119140625 0.09375
0 0.3564453125 0.15234375 0.123046875 0.09765625
0 0.484375 0.1533203125 0.125 0.099609375
0 0.609375 0.150390625 0.1171875 0.08984375
0 0.736328125 0.15234375 0.125 0.09765625
0 0.8662109375 0.1484375 0.115234375 0.08984375
0 0.1962890625 0.259765625 0.134765625 0.1015625
0 0.32421875 0.263671875 0.125 0.1015625
0 0.4462890625 0.2587890625 0.115234375 0.099609375
0 0.5625 0.2626953125 0.09765625 0.095703125
0 0.6767578125 0.259765625 0.115234375 0.0859375
0 0.7880859375 0.2587890625 0.091796875 0.095703125
