0 0.28515625 0.3037109375 0.11328125 0.083984375
0 0.404296875 0.3037109375 0.12109375 0.080078125
0 0.517578125 0.3017578125 0.08984375 0.076171875
0 0.623046875 0.3056640625 0.11328125 0.080078125
0 0.732421875 0.302734375 0.08984375 0.078125
0 0.3232421875 0.408203125 0.119140625 0.07421875
0 0.4482421875 0.4052734375 0.111328125 0.080078125
0 0.564453125 0.40625 0.1171875 0.078125
0 0.6884765625 0.40625 0.115234375 0.078125
0 0.2138671875 0.5078125 0.126953125 0.0859375
0 0.341796875 0.5087890625 0.11328125 0.087890625
0 0.455078125 0.5068359375 0.09765625 0.083984375
0 0.5546875 0.517578125 0.09765625 0.0625
0 0.6650390625 0.509765625 0.119140625 0.078125
0 0.7919921875 0.5087890625 0.130859375 0.068359375
