0 0.0947265625 0.1328125 0.068359375 0.05078125
0 0.173828125 0.1328125 0.078125 0.0546875
0 0.2470703125 0.1318359375 0.060546875 0.064453125
0 0.3193359375 0.130859375 0.072265625 0.05859375
0 0.3984375 0.1337890625 0.0703125 0.060546875
0 0.474609375 0.130859375 0.07421875 0.05859375
0 0.5576171875 0.1337890625 0.083984375 0.060546875
0 0.1171875 0.220703125 0.12109375 0.0859375
0 0.23828125 0.22265625 0.1171875 0.08984375
0 0.3603515625 0.220703125 0.119140625 0.09375
0 0.4794921875 0.220703125 0.119140625 0.08984375
0 0.14453125 0.34375 0.203125 0.1328125
0 0.34375 0.341796875 0.19921875 0.1328125
0 0.54296875 0.3447265625 0.1875 0.134765625
0 0.744140625 0.3447265625 0.20703125 0.138671875
