0 0.716796875 0.1083984375 0.19921875 0.130859375
0 0.7119140625 0.2490234375 0.197265625 0.130859375
0 0.7138671875 0.3740234375 0.142578125 0.099609375
0 0.515625 0.2373046875 0.16015625 0.111328125
0 0.5263671875 0.3642578125 0.154296875 0.107421875
0 0.515625 0.50390625 0.1484375 0.1015625
0 0.3271484375 0.1025390625 0.197265625 0.123046875
0 0.318359375 0.2294921875 0.19140625 0.123046875
0 0.3232421875 0.3466796875 0.130859375 0.095703125
0 0.3173828125 0.466796875 0.154296875 0.125
0 0.30859375 0.599609375 0.2109375 0.12109375
