0 0.251953125 0.0732421875 0.12890625 0.091796875
0 0.3818359375 0.07421875 0.119140625 0.08984375
0 0.48828125 0.0732421875 0.0859375 0.083984375
0 0.5947265625 0.0751953125 0.126953125 0.087890625
0 0.7236328125 0.072265625 0.119140625 0.078125
0 0.1064453125 0.173828125 0.154296875 0.10546875
0 0.2578125 0.1748046875 0.13671875 0.107421875
0 0.3974609375 0.1689453125 0.134765625 0.095703125
0 0.5068359375 0.1728515625 0.080078125 0.091796875
0 0.615234375 0.1748046875 0.12890625 0.091796875
0 0.876953125 0.1767578125 0.125 0.083984375
