0 0.91015625 0.20703125 0.171875 0.10546875
0 0.91015625 0.31640625 0.14453125 0.1015625
0 0.904296875 0.4228515625 0.16015625 0.099609375
0 0.9130859375 0.5302734375 0.130859375 0.103515625
0 0.9052734375 0.6337890625 0.154296875 0.099609375
0 0.671875 0.1123046875 0.29296875 0.201171875
0 0.703125 0.2890625 0.23828125 0.14453125
0 0.6943359375 0.466796875 0.201171875 0.1953125
0 0.6669921875 0.669921875 0.302734375 0.19921875
0 0.6708984375 0.8779296875 0.291015625 0.197265625
0 0.44140625 0.0654296875 0.15625 0.099609375
0 0.4365234375 0.1708984375 0.162109375 0.107421875
0 0.439453125 0.267578125 0.16796875 0.0859375
0 0.439453125 0.3681640625 0.15625 0.103515625
