0 0.552734375 0.10546875 0.17578125 0.140625
0 0.7548828125 0.1064453125 0.208984375 0.146484375
0 0.103515625 0.2744140625 0.1796875 0.158203125
0 0.3251953125 0.2783203125 0.244140625 0.169921875
0 0.580078125 0.2763671875 0.25 0.169921875
0 0.833984375 0.2734375 0.24609375 0.171875
0 0.087890625 0.42578125 0.1328125 0.1015625
0 0.22265625 0.421875 0.1171875 0.09765625
0 0.353515625 0.42578125 0.12109375 0.10546875
0 0.4833984375 0.427734375 0.130859375 0.10546875
0 0.619140625 0.4228515625 0.12109375 0.103515625
0 0.748046875 0.4228515625 0.125 0.099609375
0 0.8837890625 0.423828125 0.123046875 0.09765625
