0 0.787109375 0.0654296875 0.14453125 0.107421875
0 0.7890625 0.1611328125 0.15234375 0.080078125
0 0.791015625 0.25390625 0.12109375 0.1015625
0 0.6064453125 0.0673828125 0.177734375 0.115234375
0 0.60546875 0.1826171875 0.17578125 0.107421875
0 0.6083984375 0.291015625 0.173828125 0.10546875
0 0.6083984375 0.3896484375 0.158203125 0.080078125
0 0.6064453125 0.48046875 0.138671875 0.08984375
0 0.6083984375 0.5712890625 0.146484375 0.083984375
0 0.611328125 0.6689453125 0.1640625 0.099609375
0 0.4326171875 0.3212890625 0.166015625 0.111328125
0 0.4306640625 0.421875 0.123046875 0.08984375
0 0.44140625 0.498046875 0.12890625 0.05859375
0 0.4306640625 0.576171875 0.150390625 0.0859375
0 0.4287109375 0.6708984375 0.154296875 0.087890625
