0 0.10546875 0.0927734375 0.19140625 0.126953125
0 0.302734375 0.091796875 0.18359375 0.13671875
0 0.498046875 0.087890625 0.18359375 0.140625
0 0.666015625 0.1025390625 0.1328125 0.119140625
0 0.84375 0.087890625 0.1796875 0.1484375
0 0.1044921875 0.2431640625 0.205078125 0.146484375
0 0.314453125 0.2431640625 0.20703125 0.146484375
0 0.5224609375 0.2451171875 0.193359375 0.138671875
0 0.0673828125 0.3779296875 0.107421875 0.091796875
0 0.1875 0.3828125 0.125 0.1015625
0 0.3095703125 0.3818359375 0.119140625 0.091796875
0 0.4306640625 0.3818359375 0.099609375 0.099609375
0 0.548828125 0.380859375 0.109375 0.09765625
0 0.6611328125 0.380859375 0.111328125 0.08984375
0 0.7822265625 0.3837890625 0.119140625 0.095703125
0 0.9150390625 0.3828125 0.126953125 0.1015625
