0 0.4716796875 0.080078125 0.189453125 0.140625
0 0.62890625 0.099609375 0.11328125 0.08203125
0 0.7587890625 0.099609375 0.126953125 0.08203125
0 0.890625 0.1005859375 0.12109375 0.091796875
0 0.0947265625 0.208984375 0.166015625 0.125
0 0.2705078125 0.20703125 0.177734375 0.12109375
0 0.4228515625 0.220703125 0.119140625 0.078125
0 0.5380859375 0.220703125 0.111328125 0.07421875
0 0.65625 0.21875 0.1171875 0.078125
0 0.78125 0.216796875 0.1171875 0.078125
0 0.9033203125 0.220703125 0.119140625 0.08203125
