0 0.197265625 0.208984375 0.109375 0.07421875
0 0.3125 0.2138671875 0.10546875 0.072265625
0 0.41796875 0.21484375 0.0859375 0.0546875
0 0.529296875 0.216796875 0.11328125 0.07421875
0 0.6435546875 0.21484375 0.115234375 0.07421875
0 0.7529296875 0.2177734375 0.083984375 0.064453125
0 0.2099609375 0.3291015625 0.248046875 0.146484375
0 0.4814453125 0.341796875 0.248046875 0.1640625
0 0.7412109375 0.3388671875 0.220703125 0.119140625
0 0.2177734375 0.5185546875 0.232421875 0.162109375
0 0.4638671875 0.5205078125 0.236328125 0.158203125
