0 0.2900390625 0.07421875 0.123046875 0.078125
0 0.2919921875 0.1552734375 0.123046875 0.076171875
0 0.2958984375 0.240234375 0.123046875 0.0703125
0 0.287109375 0.3203125 0.12890625 0.07421875
0 0.291015625 0.3994140625 0.109375 0.072265625
0 0.1474609375 0.0751953125 0.115234375 0.072265625
0 0.142578125 0.1552734375 0.078125 0.072265625
0 0.146484375 0.236328125 0.12109375 0.078125
0 0.146484375 0.396484375 0.1328125 0.08203125
0 0.146484375 0.478515625 0.12109375 0.078125
0 0.1484375 0.55859375 0.1171875 0.078125
0 0.1494140625 0.642578125 0.126953125 0.08203125
