0 0.078125 0.072265625 0.1015625 0.08984375
0 0.17578125 0.0732421875 0.07421875 0.087890625
0 0.2841796875 0.07421875 0.115234375 0.0859375
0 0.40625 0.072265625 0.12109375 0.0859375
0 0.5283203125 0.072265625 0.095703125 0.08203125
0 0.138671875 0.208984375 0.2421875 0.16796875
0 0.3740234375 0.20703125 0.216796875 0.1640625
0 0.6123046875 0.2109375 0.232421875 0.16796875
0 0.13671875 0.3837890625 0.23828125 0.162109375
0 0.3779296875 0.3837890625 0.224609375 0.169921875
0 0.5615234375 0.421875 0.123046875 0.08203125
0 0.099609375 0.537109375 0.15234375 0.125
0 0.25 0.5390625 0.15234375 0.12109375
0 0.3779296875 0.5478515625 0.103515625 0.099609375
0 0.5048828125 0.537109375 0.154296875 0.125
0 0.6572265625 0.537109375 0.150390625 0.12890625
0 0.7998046875 0.5458984375 0.107421875 0.095703125
