0 0.1240234375 0.1201171875 0.107421875 0.064453125
0 0.2373046875 0.1201171875 0.080078125 0.072265625
0 0.3466796875 0.1201171875 0.080078125 0.076171875
0 0.4599609375 0.1181640625 0.099609375 0.068359375
0 0.57421875 0.1201171875 0.10546875 0.056640625
0 0.1435546875 0.2080078125 0.111328125 0.080078125
0 0.2587890625 0.2060546875 0.103515625 0.076171875
0 0.37109375 0.208984375 0.11328125 0.08203125
0 0.49609375 0.2138671875 0.11328125 0.072265625
0 0.6181640625 0.2119140625 0.119140625 0.064453125
0 0.744140625 0.2060546875 0.109375 0.068359375
0 0.8671875 0.2099609375 0.109375 0.068359375
0 0.220703125 0.3525390625 0.27734375 0.185546875
0 0.51953125 0.35546875 0.2578125 0.1640625
0 0.8017578125 0.3525390625 0.283203125 0.193359375
