0 0.3203125 0.0771484375 0.11328125 0.103515625
0 0.44921875 0.076171875 0.10546875 0.109375
0 0.57421875 0.078125 0.1328125 0.10546875
0 0.71484375 0.076171875 0.13671875 0.10546875
0 0.8544921875 0.0791015625 0.126953125 0.107421875
0 0.119140625 0.2470703125 0.21875 0.185546875
0 0.3359375 0.2490234375 0.203125 0.185546875
0 0.5439453125 0.2470703125 0.201171875 0.185546875
0 0.75390625 0.24609375 0.21484375 0.17578125
0 0.9267578125 0.2802734375 0.115234375 0.103515625
0 0.31640625 0.4453125 0.18359375 0.1328125
0 0.5 0.4453125 0.1796875 0.1328125
0 0.6767578125 0.4453125 0.169921875 0.12890625
