0 0.1591796875 0.1240234375 0.083984375 0.087890625
0 0.2412109375 0.1240234375 0.076171875 0.087890625
0 0.32421875 0.125 0.08203125 0.0859375
0 0.408203125 0.123046875 0.08203125 0.0859375
0 0.494140625 0.1240234375 0.08203125 0.087890625
0 0.576171875 0.1240234375 0.0859375 0.083984375
0 0.6611328125 0.1240234375 0.080078125 0.087890625
0 0.74609375 0.1220703125 0.078125 0.083984375
0 0.8251953125 0.1220703125 0.080078125 0.076171875
0 0.4453125 0.23046875 0.08984375 0.08984375
0 0.5341796875 0.2294921875 0.076171875 0.087890625
