0 0.5703125 0.1171875 0.23046875 0.19140625
0 0.5712890625 0.3212890625 0.220703125 0.197265625
0 0.5703125 0.529296875 0.2109375 0.19140625
0 0.3212890625 0.1298828125 0.236328125 0.224609375
0 0.326171875 0.3642578125 0.23828125 0.220703125
0 0.3154296875 0.5966796875 0.236328125 0.216796875
0 0.1220703125 0.068359375 0.142578125 0.08984375
0 0.1240234375 0.1728515625 0.150390625 0.091796875
0 0.1416015625 0.279296875 0.103515625 0.109375
0 0.12890625 0.380859375 0.125 0.08984375
0 0.126953125 0.5888671875 0.1328125 0.107421875
