0 0.83984375 0.09765625 0.2265625 0.140625
0 0.837890625 0.2431640625 0.21875 0.138671875
0 0.8408203125 0.3798828125 0.205078125 0.126953125
0 0.578125 0.1044921875 0.23046875 0.150390625
0 0.59765625 0.2294921875 0.17578125 0.080078125
0 0.5869140625 0.3447265625 0.208984375 0.126953125
0 0.369140625 0.2021484375 0.18359375 0.138671875
0 0.373046875 0.34765625 0.17578125 0.12890625
0 0.3681640625 0.482421875 0.205078125 0.11328125
0 0.1357421875 0.3515625 0.189453125 0.125
0 0.1416015625 0.4775390625 0.201171875 0.115234375
0 0.16796875 0.61328125 0.15625 0.1328125
