0 0.89453125 0.076171875 0.1484375 0.1015625
0 0.904296875 0.18359375 0.171875 0.09765625
0 0.9033203125 0.2802734375 0.130859375 0.095703125
0 0.90625 0.369140625 0.13671875 0.078125
0 0.9111328125 0.4765625 0.150390625 0.08984375
0 0.908203125 0.6708984375 0.140625 0.095703125
0 0.744140625 0.2333984375 0.140625 0.095703125
0 0.744140625 0.341796875 0.15625 0.11328125
0 0.7470703125 0.4541015625 0.150390625 0.103515625
0 0.1416015625 0.09765625 0.255859375 0.1484375
0 0.138671875 0.24609375 0.24609375 0.1484375
0 0.138671875 0.37109375 0.1796875 0.08984375
0 0.13671875 0.494140625 0.25390625 0.14453125
0 0.1318359375 0.6455078125 0.248046875 0.150390625
