0 0.19140625 0.1474609375 0.1171875 0.123046875
0 0.3046875 0.1484375 0.109375 0.12109375
0 0.4169921875 0.14453125 0.107421875 0.1171875
0 0.53125 0.1455078125 0.109375 0.115234375
0 0.6416015625 0.1455078125 0.111328125 0.115234375
0 0.7529296875 0.14453125 0.107421875 0.1171875
0 0.189453125 0.2626953125 0.109375 0.103515625
0 0.4072265625 0.2626953125 0.107421875 0.103515625
0 0.6083984375 0.263671875 0.083984375 0.11328125
0 0.70703125 0.2626953125 0.10546875 0.111328125
0 0.82421875 0.2626953125 0.109375 0.115234375
