0 0.341796875 0.146484375 0.10546875 0.07421875
0 0.44921875 0.146484375 0.1015625 0.07421875
0 0.5546875 0.146484375 0.10546875 0.07421875
0 0.6689453125 0.14453125 0.095703125 0.07421875
0 0.28515625 0.25 0.09765625 0.0703125
0 0.3935546875 0.25 0.111328125 0.06640625
0 0.501953125 0.25 0.1015625 0.0703125
0 0.609375 0.2509765625 0.10546875 0.072265625
0 0.71875 0.251953125 0.10546875 0.07421875
0 0.2998046875 0.353515625 0.115234375 0.078125
0 0.41015625 0.3525390625 0.1015625 0.076171875
0 0.5029296875 0.3623046875 0.076171875 0.048828125
0 0.59765625 0.3515625 0.11328125 0.07421875
0 0.708984375 0.3544921875 0.109375 0.080078125
