0 0.1845703125 0.2041015625 0.208984375 0.177734375
0 0.3994140625 0.205078125 0.208984375 0.171875
0 0.55859375 0.2470703125 0.09375 0.064453125
0 0.6572265625 0.224609375 0.095703125 0.109375
0 0.7587890625 0.2236328125 0.091796875 0.115234375
0 0.8681640625 0.2255859375 0.099609375 0.119140625
0 0.173828125 0.384765625 0.21484375 0.17578125
0 0.4013671875 0.3837890625 0.216796875 0.173828125
0 0.5615234375 0.423828125 0.099609375 0.06640625
0 0.6640625 0.40625 0.109375 0.12890625
0 0.7705078125 0.4033203125 0.087890625 0.111328125
0 0.8701171875 0.40625 0.103515625 0.11328125
