0 0.0859375 0.1455078125 0.1484375 0.107421875
0 0.23828125 0.1474609375 0.14453125 0.107421875
0 0.3935546875 0.1455078125 0.162109375 0.107421875
0 0.548828125 0.1455078125 0.1484375 0.091796875
0 0.083984375 0.2529296875 0.14453125 0.099609375
0 0.2392578125 0.255859375 0.146484375 0.1015625
0 0.392578125 0.255859375 0.15234375 0.10546875
0 0.5283203125 0.25390625 0.107421875 0.1015625
0 0.6640625 0.2548828125 0.14453125 0.103515625
0 0.197265625 0.34375 0.09765625 0.0625
0 0.294921875 0.3447265625 0.08984375 0.072265625
0 0.0810546875 0.4287109375 0.138671875 0.087890625
0 0.232421875 0.4287109375 0.1328125 0.080078125
0 0.3720703125 0.4287109375 0.123046875 0.091796875
0 0.5068359375 0.423828125 0.119140625 0.1015625
0 0.640625 0.423828125 0.12890625 0.0546875
