0 0.9248046875 0.3701171875 0.115234375 0.091796875
0 0.9326171875 0.4619140625 0.111328125 0.080078125
0 0.93359375 0.546875 0.0859375 0.08203125
0 0.9228515625 0.634765625 0.123046875 0.078125
0 0.7841796875 0.4404296875 0.130859375 0.091796875
0 0.783203125 0.53515625 0.12890625 0.08984375
0 0.787109375 0.626953125 0.09375 0.09375
0 0.623046875 0.4404296875 0.140625 0.091796875
0 0.6259765625 0.5341796875 0.142578125 0.087890625
0 0.6240234375 0.62890625 0.123046875 0.08984375
0 0.4658203125 0.4404296875 0.138671875 0.099609375
0 0.4658203125 0.537109375 0.123046875 0.0859375
