0 0.607421875 0.162109375 0.2109375 0.140625
0 0.630859375 0.2998046875 0.171875 0.123046875
0 0.607421875 0.4326171875 0.140625 0.123046875
0 0.603515625 0.5361328125 0.125 0.072265625
0 0.384765625 0.228515625 0.21484375 0.1328125
0 0.3818359375 0.3603515625 0.189453125 0.123046875
0 0.3798828125 0.4970703125 0.208984375 0.134765625
0 0.37890625 0.63671875 0.20703125 0.1328125
0 0.3876953125 0.751953125 0.103515625 0.0859375
0 0.1533203125 0.3173828125 0.197265625 0.134765625
0 0.15625 0.4599609375 0.203125 0.130859375
0 0.15625 0.5927734375 0.20703125 0.119140625
0 0.15625 0.73046875 0.203125 0.140625
