0 0.072265625 0.0556640625 0.10546875 0.056640625
0 0.17578125 0.052734375 0.0859375 0.0625
0 0.2763671875 0.0537109375 0.091796875 0.056640625
0 0.384765625 0.0498046875 0.1015625 0.068359375
0 0.4912109375 0.0517578125 0.099609375 0.064453125
0 0.5927734375 0.048828125 0.083984375 0.0703125
0 0.689453125 0.048828125 0.08984375 0.06640625
0 0.794921875 0.0537109375 0.1015625 0.060546875
0 0.0751953125 0.126953125 0.087890625 0.05859375
0 0.181640625 0.1220703125 0.08984375 0.064453125
0 0.2763671875 0.1201171875 0.087890625 0.060546875
0 0.380859375 0.1240234375 0.09375 0.052734375
0 0.48828125 0.123046875 0.10546875 0.06640625
0 0.5986328125 0.12109375 0.099609375 0.0703125
