0 0.10546875 0.158203125 0.171875 0.1171875
0 0.29296875 0.16015625 0.1796875 0.12109375
0 0.484375 0.1591796875 0.171875 0.119140625
0 0.6669921875 0.16015625 0.181640625 0.12890625
0 0.8603515625 0.158203125 0.166015625 0.109375
0 0.0849609375 0.2685546875 0.107421875 0.076171875
0 0.1806640625 0.2685546875 0.076171875 0.076171875
0 0.275390625 0.267578125 0.11328125 0.07421875
0 0.4443359375 0.267578125 0.107421875 0.07421875
0 0.5537109375 0.267578125 0.099609375 0.07421875
0 0.6650390625 0.2666015625 0.111328125 0.072265625
0 0.7783203125 0.267578125 0.107421875 0.078125
0 0.88671875 0.2685546875 0.1015625 0.083984375
