0 0.1552734375 0.0703125 0.158203125 0.11328125
0 0.3056640625 0.0712890625 0.146484375 0.091796875
0 0.4482421875 0.0732421875 0.107421875 0.076171875
0 0.5673828125 0.0693359375 0.111328125 0.087890625
0 0.6767578125 0.0693359375 0.099609375 0.091796875
0 0.767578125 0.068359375 0.08203125 0.08984375
0 0.884765625 0.0673828125 0.09765625 0.091796875
0 0.1484375 0.166015625 0.12109375 0.078125
0 0.275390625 0.166015625 0.12109375 0.0859375
0 0.392578125 0.1669921875 0.10546875 0.087890625
0 0.5078125 0.1650390625 0.10546875 0.080078125
0 0.6240234375 0.1669921875 0.126953125 0.087890625
