0 0.15234375 0.34765625 0.1015625 0.08203125
0 0.25 0.3486328125 0.09765625 0.076171875
0 0.3564453125 0.3486328125 0.095703125 0.076171875
0 0.455078125 0.3486328125 0.1015625 0.076171875
0 0.55078125 0.3505859375 0.08203125 0.072265625
0 0.6337890625 0.349609375 0.076171875 0.07421875
0 0.720703125 0.3525390625 0.08984375 0.072265625
0 0.8212890625 0.3515625 0.095703125 0.06640625
0 0.228515625 0.431640625 0.08203125 0.0703125
0 0.314453125 0.4326171875 0.08984375 0.072265625
0 0.4033203125 0.4326171875 0.083984375 0.072265625
0 0.595703125 0.43359375 0.09375 0.0703125
0 0.6767578125 0.4404296875 0.072265625 0.056640625
0 0.7529296875 0.4326171875 0.072265625 0.076171875
