0 0.0615234375 0.1181640625 0.091796875 0.076171875
0 0.1650390625 0.1162109375 0.099609375 0.087890625
0 0.2392578125 0.1240234375 0.041015625 0.064453125
0 0.306640625 0.115234375 0.08203125 0.0625
0 0.43359375 0.1123046875 0.0625 0.083984375
0 0.5205078125 0.11328125 0.099609375 0.07421875
0 0.6181640625 0.1142578125 0.083984375 0.076171875
0 0.7138671875 0.1142578125 0.091796875 0.072265625
0 0.9404296875 0.115234375 0.103515625 0.078125
0 0.1279296875 0.2421875 0.248046875 0.16796875
0 0.390625 0.2392578125 0.25390625 0.158203125
0 0.5830078125 0.236328125 0.130859375 0.1484375
0 0.5595703125 0.3984375 0.232421875 0.15625
0 0.8056640625 0.3916015625 0.236328125 0.166015625
