0 0.23046875 0.259765625 0.140625 0.09765625
0 0.365234375 0.259765625 0.11328125 0.09375
0 0.4951171875 0.259765625 0.126953125 0.09765625
0 0.6201171875 0.263671875 0.115234375 0.09765625
0 0.7470703125 0.26171875 0.115234375 0.09765625
0 0.1875 0.3779296875 0.1328125 0.091796875
0 0.3203125 0.373046875 0.12109375 0.0859375
0 0.4521484375 0.3798828125 0.123046875 0.095703125
0 0.5615234375 0.376953125 0.091796875 0.09375
0 0.6728515625 0.3740234375 0.107421875 0.095703125
0 0.7900390625 0.3701171875 0.119140625 0.091796875
