0 0.2587890625 0.0908203125 0.072265625 0.068359375
0 0.345703125 0.0908203125 0.07421875 0.056640625
0 0.4326171875 0.0927734375 0.083984375 0.052734375
0 0.5234375 0.091796875 0.05859375 0.0625
0 0.6044921875 0.0927734375 0.091796875 0.052734375
0 0.69921875 0.091796875 0.0859375 0.0546875
0 0.7890625 0.0927734375 0.0703125 0.056640625
0 0.1630859375 0.16015625 0.091796875 0.0625
0 0.2607421875 0.1591796875 0.091796875 0.060546875
0 0.3564453125 0.1591796875 0.099609375 0.052734375
0 0.443359375 0.162109375 0.05078125 0.05859375
0 0.5107421875 0.162109375 0.060546875 0.05859375
0 0.595703125 0.162109375 0.09375 0.05859375
0 0.6943359375 0.162109375 0.091796875 0.05859375
0 0.791015625 0.1630859375 0.09375 0.060546875
0 0.88671875 0.1630859375 0.08984375 0.060546875
