0 0.1005859375 0.150390625 0.091796875 0.0625
0 0.1884765625 0.1513671875 0.087890625 0.064453125
0 0.2783203125 0.1513671875 0.091796875 0.064453125
0 0.3701171875 0.150390625 0.087890625 0.0546875
0 0.1044921875 0.22265625 0.091796875 0.0625
0 0.189453125 0.22265625 0.07421875 0.05859375
0 0.2763671875 0.2236328125 0.091796875 0.056640625
0 0.3662109375 0.2236328125 0.076171875 0.056640625
0 0.455078125 0.22265625 0.08203125 0.0546875
0 0.5439453125 0.2216796875 0.083984375 0.048828125
0 0.6328125 0.220703125 0.078125 0.05859375
0 0.720703125 0.2216796875 0.0859375 0.064453125
