0 0.251953125 0.162109375 0.15234375 0.1171875
0 0.408203125 0.1630859375 0.140625 0.107421875
0 0.560546875 0.166015625 0.140625 0.109375
0 0.7177734375 0.1630859375 0.162109375 0.115234375
0 0.134765625 0.3388671875 0.1796875 0.138671875
0 0.3203125 0.3349609375 0.1796875 0.134765625
0 0.5048828125 0.337890625 0.173828125 0.140625
0 0.6689453125 0.3369140625 0.115234375 0.130859375
0 0.8291015625 0.333984375 0.177734375 0.14453125
0 0.359375 0.6328125 0.23828125 0.17578125
0 0.6064453125 0.6376953125 0.236328125 0.166015625
