0 0.515625 0.087890625 0.078125 0.06640625
0 0.685546875 0.091796875 0.07421875 0.0703125
0 0.76171875 0.0966796875 0.078125 0.048828125
0 0.8427734375 0.0888671875 0.083984375 0.068359375
0 0.9248046875 0.08984375 0.060546875 0.0703125
0 0.099609375 0.2060546875 0.15234375 0.138671875
0 0.2568359375 0.205078125 0.154296875 0.14453125
0 0.412109375 0.2060546875 0.14453125 0.146484375
0 0.5673828125 0.2021484375 0.142578125 0.138671875
0 0.72265625 0.203125 0.14453125 0.140625
0 0.8798828125 0.2060546875 0.146484375 0.146484375
0 0.099609375 0.353515625 0.15234375 0.140625
0 0.255859375 0.3544921875 0.15625 0.142578125
0 0.412109375 0.3564453125 0.140625 0.146484375
0 0.5703125 0.3515625 0.16015625 0.14453125
0 0.7470703125 0.3564453125 0.068359375 0.150390625
0 0.865234375 0.3564453125 0.15234375 0.142578125
