0 0.228515625 0.263671875 0.171875 0.11328125
0 0.4033203125 0.263671875 0.162109375 0.11328125
0 0.6533203125 0.26171875 0.158203125 0.11328125
0 0.826171875 0.265625 0.16796875 0.12109375
0 0.228515625 0.390625 0.16796875 0.11328125
0 0.404296875 0.392578125 0.1640625 0.125
0 0.5654296875 0.3984375 0.138671875 0.09765625
0 0.232421875 0.5185546875 0.16015625 0.115234375
0 0.396484375 0.517578125 0.15625 0.109375
0 0.556640625 0.51953125 0.14453125 0.11328125
0 0.712890625 0.5185546875 0.1640625 0.119140625
