0 0.09765625 0.13671875 0.078125 0.0625
0 0.1845703125 0.138671875 0.068359375 0.05859375
0 0.27734375 0.13671875 0.05859375 0.06640625
0 0.3642578125 0.1357421875 0.080078125 0.064453125
0 0.455078125 0.1328125 0.08203125 0.06640625
0 0.5419921875 0.13671875 0.083984375 0.0625
0 0.6298828125 0.13671875 0.076171875 0.06640625
0 0.71875 0.1396484375 0.0703125 0.056640625
0 0.8115234375 0.13671875 0.087890625 0.0625
0 0.1044921875 0.22265625 0.099609375 0.0703125
0 0.2109375 0.22265625 0.1015625 0.07421875
0 0.31640625 0.2216796875 0.09765625 0.072265625
0 0.4169921875 0.224609375 0.095703125 0.0546875
0 0.51953125 0.2294921875 0.0859375 0.056640625
0 0.630859375 0.2255859375 0.09765625 0.076171875
