0 0.2265625 0.1259765625 0.1015625 0.076171875
0 0.3349609375 0.1298828125 0.099609375 0.060546875
0 0.4267578125 0.1318359375 0.076171875 0.068359375
0 0.244140625 0.2509765625 0.171875 0.111328125
0 0.416015625 0.2509765625 0.1640625 0.115234375
0 0.5859375 0.2529296875 0.1640625 0.111328125
0 0.244140625 0.3798828125 0.16015625 0.111328125
0 0.4150390625 0.376953125 0.166015625 0.109375
0 0.2470703125 0.5029296875 0.162109375 0.111328125
0 0.4150390625 0.505859375 0.162109375 0.1171875
0 0.5810546875 0.5068359375 0.169921875 0.119140625
0 0.7568359375 0.5078125 0.158203125 0.1171875
