0 0.64453125 0.1025390625 0.12109375 0.064453125
0 0.642578125 0.173828125 0.1171875 0.06640625
0 0.64453125 0.2421875 0.12109375 0.06640625
0 0.64453125 0.314453125 0.12109375 0.0703125
0 0.642578125 0.388671875 0.11328125 0.07421875
0 0.6455078125 0.45703125 0.107421875 0.05859375
0 0.642578125 0.52734375 0.1015625 0.078125
0 0.6396484375 0.60546875 0.119140625 0.07421875
0 0.4482421875 0.1337890625 0.240234375 0.134765625
0 0.4638671875 0.27734375 0.201171875 0.13671875
0 0.455078125 0.423828125 0.23828125 0.13671875
0 0.45703125 0.57421875 0.234375 0.14453125
