0 0.3447265625 0.11328125 0.177734375 0.11328125
0 0.5205078125 0.11328125 0.162109375 0.11328125
0 0.6865234375 0.109375 0.158203125 0.1171875
0 0.859375 0.109375 0.1640625 0.12109375
0 0.1748046875 0.2216796875 0.123046875 0.080078125
0 0.2939453125 0.2216796875 0.107421875 0.080078125
0 0.4111328125 0.22265625 0.107421875 0.078125
0 0.52734375 0.220703125 0.1171875 0.078125
0 0.646484375 0.21875 0.109375 0.08203125
0 0.765625 0.2197265625 0.1171875 0.080078125
0 0.8818359375 0.2197265625 0.111328125 0.083984375
