0 0.0888671875 0.162109375 0.091796875 0.06640625
0 0.1865234375 0.162109375 0.087890625 0.06640625
0 0.28125 0.1591796875 0.09375 0.064453125
0 0.37890625 0.162109375 0.09375 0.06640625
0 0.474609375 0.1611328125 0.09375 0.068359375
0 0.57421875 0.162109375 0.09765625 0.0703125
0 0.1142578125 0.2490234375 0.154296875 0.095703125
0 0.275390625 0.2470703125 0.1484375 0.095703125
0 0.4375 0.25 0.15234375 0.09375
0 0.6005859375 0.25 0.150390625 0.09765625
0 0.1162109375 0.3623046875 0.150390625 0.123046875
0 0.26953125 0.3623046875 0.1484375 0.123046875
0 0.4228515625 0.3623046875 0.150390625 0.119140625
0 0.58203125 0.3623046875 0.13671875 0.123046875
0 0.732421875 0.361328125 0.14453125 0.12109375
0 0.8916015625 0.3603515625 0.158203125 0.126953125
