0 0.875 0.0908203125 0.140625 0.087890625
0 0.884765625 0.189453125 0.11328125 0.08984375
0 0.87890625 0.287109375 0.125 0.0859375
0 0.875 0.3876953125 0.15625 0.083984375
0 0.697265625 0.0859375 0.15625 0.09765625
0 0.6923828125 0.189453125 0.146484375 0.09765625
0 0.689453125 0.2958984375 0.15234375 0.095703125
0 0.6845703125 0.396484375 0.146484375 0.0859375
0 0.6865234375 0.48828125 0.158203125 0.078125
0 0.693359375 0.5751953125 0.140625 0.080078125
0 0.689453125 0.6689453125 0.12890625 0.091796875
0 0.6865234375 0.765625 0.123046875 0.08203125
0 0.6845703125 0.8671875 0.146484375 0.08984375
