0 0.7607421875 0.158203125 0.306640625 0.234375
0 0.7685546875 0.390625 0.357421875 0.21875
0 0.7685546875 0.6181640625 0.357421875 0.224609375
0 0.7666015625 0.8505859375 0.361328125 0.224609375
0 0.4697265625 0.0732421875 0.158203125 0.064453125
0 0.46875 0.140625 0.15625 0.0625
0 0.470703125 0.2080078125 0.15625 0.060546875
0 0.470703125 0.275390625 0.140625 0.0625
0 0.47265625 0.3623046875 0.20703125 0.111328125
0 0.466796875 0.4716796875 0.22265625 0.107421875
0 0.466796875 0.5576171875 0.16015625 0.060546875
0 0.4716796875 0.638671875 0.201171875 0.09375
0 0.470703125 0.7353515625 0.21484375 0.087890625
0 0.4716796875 0.8291015625 0.173828125 0.091796875
0 0.4697265625 0.923828125 0.201171875 0.09375
0 0.228515625 0.1689453125 0.2890625 0.150390625
0 0.2314453125 0.328125 0.251953125 0.16015625
0 0.21875 0.6240234375 0.2890625 0.142578125
0 0.2109375 0.7958984375 0.2890625 0.181640625
