0 0.1767578125 0.185546875 0.158203125 0.12109375
0 0.3232421875 0.1923828125 0.115234375 0.126953125
0 0.4775390625 0.1904296875 0.166015625 0.123046875
0 0.6572265625 0.189453125 0.169921875 0.12890625
0 0.8291015625 0.1962890625 0.158203125 0.119140625
0 0.1005859375 0.349609375 0.130859375 0.18359375
0 0.2294921875 0.3486328125 0.126953125 0.166015625
0 0.359375 0.3525390625 0.1171875 0.169921875
0 0.4755859375 0.3525390625 0.107421875 0.177734375
0 0.59765625 0.3525390625 0.125 0.169921875
0 0.740234375 0.3564453125 0.1484375 0.185546875
0 0.890625 0.3544921875 0.14453125 0.173828125
