0 0.1376953125 0.1171875 0.185546875 0.1171875
0 0.3251953125 0.12109375 0.169921875 0.12890625
0 0.4814453125 0.130859375 0.134765625 0.09375
0 0.1396484375 0.2529296875 0.173828125 0.119140625
0 0.32421875 0.2529296875 0.18359375 0.119140625
0 0.505859375 0.2568359375 0.17578125 0.119140625
0 0.6865234375 0.2509765625 0.169921875 0.126953125
0 0.849609375 0.2646484375 0.12890625 0.099609375
0 0.1416015625 0.3876953125 0.173828125 0.123046875
0 0.296875 0.40625 0.12890625 0.0703125
0 0.4326171875 0.40234375 0.126953125 0.08984375
