0 0.130859375 0.126953125 0.12890625 0.0625
0 0.27734375 0.1259765625 0.12890625 0.072265625
0 0.4267578125 0.125 0.134765625 0.08984375
0 0.5673828125 0.12890625 0.123046875 0.08203125
0 0.705078125 0.13671875 0.10546875 0.06640625
0 0.84765625 0.1298828125 0.12890625 0.099609375
0 0.29296875 0.2314453125 0.06640625 0.056640625
0 0.3720703125 0.232421875 0.076171875 0.046875
0 0.4482421875 0.2314453125 0.080078125 0.056640625
0 0.525390625 0.23046875 0.05859375 0.0546875
0 0.603515625 0.2314453125 0.0859375 0.056640625
0 0.6845703125 0.232421875 0.052734375 0.05859375
