0 0.1064453125 0.076171875 0.123046875 0.09375
0 0.228515625 0.0771484375 0.109375 0.087890625
0 0.345703125 0.0791015625 0.11328125 0.091796875
0 0.470703125 0.0771484375 0.140625 0.095703125
0 0.10546875 0.1826171875 0.125 0.091796875
0 0.2314453125 0.1845703125 0.115234375 0.091796875
0 0.3505859375 0.18359375 0.103515625 0.08203125
0 0.46875 0.1845703125 0.1171875 0.087890625
0 0.5908203125 0.185546875 0.119140625 0.08984375
0 0.716796875 0.18359375 0.11328125 0.08984375
0 0.09765625 0.287109375 0.10546875 0.08984375
0 0.2158203125 0.2890625 0.111328125 0.08984375
0 0.326171875 0.291015625 0.08984375 0.09375
0 0.431640625 0.2900390625 0.10546875 0.083984375
0 0.5458984375 0.291015625 0.115234375 0.0859375
0 0.6708984375 0.2919921875 0.115234375 0.091796875
