0 0.060546875 0.056640625 0.0625 0.0859375
0 0.12890625 0.05859375 0.06640625 0.08203125
0 0.333984375 0.060546875 0.09765625 0.0703125
0 0.4248046875 0.056640625 0.083984375 0.07421875
0 0.5234375 0.056640625 0.1015625 0.078125
0 0.630859375 0.0556640625 0.1015625 0.076171875
0 0.744140625 0.0556640625 0.11328125 0.076171875
0 0.0673828125 0.1484375 0.103515625 0.07421875
0 0.16015625 0.154296875 0.078125 0.0625
0 0.2470703125 0.1474609375 0.095703125 0.072265625
0 0.3408203125 0.1455078125 0.083984375 0.068359375
0 0.4248046875 0.1455078125 0.083984375 0.072265625
0 0.611328125 0.1455078125 0.09375 0.080078125
0 0.076171875 0.2353515625 0.12109375 0.080078125
0 0.1787109375 0.2353515625 0.083984375 0.080078125
0 0.267578125 0.2353515625 0.08984375 0.080078125
0 0.3740234375 0.2333984375 0.111328125 0.080078125
0 0.48828125 0.232421875 0.109375 0.078125
