0 0.3291015625 0.0576171875 0.123046875 0.083984375
0 0.4453125 0.0595703125 0.09765625 0.064453125
0 0.552734375 0.056640625 0.109375 0.08203125
0 0.658203125 0.060546875 0.0859375 0.078125
0 0.302734375 0.1416015625 0.1171875 0.080078125
0 0.41015625 0.1435546875 0.08984375 0.072265625
0 0.4970703125 0.1416015625 0.064453125 0.068359375
0 0.5810546875 0.140625 0.087890625 0.078125
0 0.6787109375 0.140625 0.103515625 0.0625
0 0.31640625 0.22265625 0.11328125 0.078125
0 0.43359375 0.2236328125 0.11328125 0.083984375
0 0.5478515625 0.22265625 0.107421875 0.08203125
0 0.6650390625 0.2236328125 0.119140625 0.080078125
