0 0.736328125 0.1103515625 0.0859375 0.064453125
0 0.8232421875 0.1083984375 0.076171875 0.060546875
0 0.9091796875 0.107421875 0.083984375 0.05859375
0 0.158203125 0.19140625 0.12109375 0.0859375
0 0.279296875 0.1884765625 0.12109375 0.087890625
0 0.4033203125 0.189453125 0.123046875 0.0859375
0 0.5712890625 0.1884765625 0.123046875 0.091796875
0 0.6953125 0.1875 0.11328125 0.08984375
0 0.8173828125 0.1884765625 0.126953125 0.087890625
0 0.9208984375 0.201171875 0.068359375 0.05078125
0 0.5234375 0.28515625 0.125 0.0859375
0 0.6494140625 0.283203125 0.119140625 0.0859375
0 0.771484375 0.2822265625 0.1171875 0.083984375
0 0.89453125 0.283203125 0.12109375 0.0859375
