0 0.6611328125 0.10546875 0.130859375 0.1015625
0 0.658203125 0.2080078125 0.1484375 0.091796875
0 0.662109375 0.3017578125 0.1171875 0.091796875
0 0.4970703125 0.0625 0.154296875 0.09765625
0 0.4970703125 0.162109375 0.099609375 0.08203125
0 0.4921875 0.25390625 0.14453125 0.09765625
0 0.501953125 0.35546875 0.12109375 0.08984375
0 0.341796875 0.140625 0.125 0.09375
0 0.33984375 0.23828125 0.13671875 0.0859375
0 0.3408203125 0.33203125 0.134765625 0.08984375
0 0.171875 0.126953125 0.1484375 0.09765625
0 0.1806640625 0.22265625 0.154296875 0.09375
0 0.1767578125 0.3212890625 0.138671875 0.095703125
0 0.1806640625 0.421875 0.154296875 0.09375
