0 0.126953125 0.095703125 0.08984375 0.06640625
0 0.220703125 0.0966796875 0.0859375 0.068359375
0 0.3076171875 0.0908203125 0.087890625 0.017578125
0 0.3974609375 0.0966796875 0.083984375 0.060546875
0 0.4794921875 0.0986328125 0.064453125 0.064453125
0 0.5478515625 0.09765625 0.060546875 0.06640625
0 0.6240234375 0.09765625 0.080078125 0.0625
0 0.15625 0.19140625 0.15234375 0.1015625
0 0.3056640625 0.1923828125 0.130859375 0.095703125
0 0.44921875 0.19140625 0.125 0.09765625
0 0.60546875 0.19140625 0.140625 0.09765625
0 0.1494140625 0.3056640625 0.134765625 0.103515625
0 0.2958984375 0.306640625 0.146484375 0.10546875
0 0.4462890625 0.3076171875 0.142578125 0.111328125
0 0.6044921875 0.3095703125 0.162109375 0.115234375
