0 0.125 0.2060546875 0.08984375 0.076171875
0 0.22265625 0.20703125 0.09765625 0.0703125
0 0.3076171875 0.205078125 0.064453125 0.078125
0 0.40234375 0.2041015625 0.109375 0.072265625
0 0.1826171875 0.2890625 0.107421875 0.08203125
0 0.2919921875 0.291015625 0.107421875 0.07421875
0 0.3955078125 0.2900390625 0.091796875 0.060546875
0 0.4970703125 0.287109375 0.095703125 0.0625
0 0.5908203125 0.287109375 0.080078125 0.078125
0 0.662109375 0.287109375 0.05078125 0.08203125
0 0.75 0.287109375 0.1171875 0.08203125
0 0.8447265625 0.2880859375 0.060546875 0.087890625
