0 0.908203125 0.0771484375 0.1171875 0.080078125
0 0.9091796875 0.1591796875 0.111328125 0.076171875
0 0.9150390625 0.2314453125 0.111328125 0.048828125
0 0.9130859375 0.2978515625 0.095703125 0.072265625
0 0.9140625 0.3671875 0.10546875 0.05859375
0 0.91796875 0.44140625 0.1171875 0.0703125
0 0.9189453125 0.58203125 0.115234375 0.0625
0 0.791015625 0.22265625 0.109375 0.078125
0 0.791015625 0.298828125 0.11328125 0.07421875
0 0.79296875 0.3681640625 0.09375 0.060546875
0 0.7919921875 0.4404296875 0.126953125 0.076171875
0 0.7958984375 0.509765625 0.087890625 0.06640625
0 0.7958984375 0.5791015625 0.080078125 0.056640625
