0 0.8828125 0.041015625 0.1328125 0.0546875
0 0.8818359375 0.099609375 0.111328125 0.0546875
0 0.8837890625 0.15625 0.107421875 0.05078125
0 0.884765625 0.212890625 0.1171875 0.05859375
0 0.8818359375 0.2783203125 0.130859375 0.064453125
0 0.8828125 0.3447265625 0.1328125 0.060546875
0 0.884765625 0.41015625 0.078125 0.06640625
0 0.8798828125 0.4755859375 0.115234375 0.060546875
0 0.74609375 0.2734375 0.06640625 0.07421875
0 0.7412109375 0.337890625 0.126953125 0.046875
0 0.748046875 0.39453125 0.11328125 0.0546875
0 0.7412109375 0.4599609375 0.126953125 0.068359375
0 0.7431640625 0.533203125 0.130859375 0.07421875
