0 0.900390625 0.060546875 0.09765625 0.0625
0 0.91796875 0.12109375 0.07421875 0.046875
0 0.9111328125 0.1826171875 0.080078125 0.064453125
0 0.90625 0.2451171875 0.1015625 0.052734375
0 0.9033203125 0.306640625 0.103515625 0.0625
0 0.904296875 0.439453125 0.09375 0.0625
0 0.76953125 0.0615234375 0.109375 0.076171875
0 0.7666015625 0.1298828125 0.091796875 0.060546875
0 0.76953125 0.1962890625 0.0859375 0.072265625
0 0.7724609375 0.26953125 0.103515625 0.0703125
0 0.6396484375 0.0615234375 0.115234375 0.068359375
0 0.6416015625 0.1328125 0.119140625 0.06640625
0 0.642578125 0.203125 0.12109375 0.0703125
0 0.638671875 0.2763671875 0.1171875 0.072265625
0 0.638671875 0.34765625 0.11328125 0.06640625
0 0.634765625 0.4208984375 0.09765625 0.072265625
