0 0.8984375 0.0595703125 0.09375 0.056640625
0 0.8974609375 0.1181640625 0.087890625 0.052734375
0 0.8974609375 0.17578125 0.087890625 0.05859375
0 0.89453125 0.2353515625 0.09765625 0.056640625
0 0.89453125 0.2958984375 0.0859375 0.056640625
0 0.89453125 0.357421875 0.0859375 0.05859375
0 0.6875 0.1171875 0.2109375 0.13671875
0 0.6826171875 0.2509765625 0.208984375 0.134765625
0 0.685546875 0.384765625 0.19140625 0.12109375
0 0.681640625 0.6416015625 0.2109375 0.115234375
0 0.4599609375 0.0947265625 0.169921875 0.142578125
0 0.4619140625 0.23828125 0.166015625 0.13671875
0 0.462890625 0.3828125 0.16015625 0.1328125
0 0.283203125 0.0966796875 0.16796875 0.142578125
0 0.2861328125 0.2353515625 0.123046875 0.134765625
0 0.28125 0.380859375 0.1796875 0.140625
0 0.09765625 0.0947265625 0.1796875 0.142578125
0 0.1083984375 0.2353515625 0.130859375 0.130859375
0 0.09375 0.37890625 0.171875 0.140625
