0 0.53125 0.083984375 0.16015625 0.09375
0 0.5361328125 0.1748046875 0.162109375 0.083984375
0 0.537109375 0.2578125 0.1484375 0.0703125
0 0.5341796875 0.3359375 0.169921875 0.0859375
0 0.5361328125 0.4248046875 0.177734375 0.087890625
0 0.52734375 0.5126953125 0.09375 0.080078125
0 0.5263671875 0.591796875 0.158203125 0.06640625
0 0.529296875 0.6689453125 0.14453125 0.076171875
0 0.5283203125 0.748046875 0.115234375 0.078125
0 0.384765625 0.0703125 0.1015625 0.0703125
0 0.38671875 0.140625 0.11328125 0.06640625
0 0.3857421875 0.2109375 0.111328125 0.0703125
