0 0.90625 0.064453125 0.1171875 0.09375
0 0.9052734375 0.1591796875 0.138671875 0.083984375
0 0.9091796875 0.2470703125 0.134765625 0.076171875
0 0.904296875 0.33203125 0.140625 0.08203125
0 0.904296875 0.423828125 0.140625 0.09375
0 0.908203125 0.5146484375 0.140625 0.091796875
0 0.9052734375 0.6240234375 0.142578125 0.083984375
0 0.7431640625 0.0595703125 0.134765625 0.068359375
0 0.7431640625 0.13671875 0.103515625 0.078125
0 0.7392578125 0.220703125 0.123046875 0.08203125
0 0.736328125 0.310546875 0.1484375 0.0859375
0 0.736328125 0.4033203125 0.14453125 0.087890625
0 0.7421875 0.5 0.14453125 0.09375
