0 0.7626953125 0.12890625 0.208984375 0.1875
0 0.763671875 0.26953125 0.140625 0.08984375
0 0.7646484375 0.35546875 0.138671875 0.07421875
0 0.7646484375 0.4404296875 0.107421875 0.087890625
0 0.55078125 0.3408203125 0.25390625 0.177734375
0 0.5478515625 0.4814453125 0.130859375 0.083984375
0 0.3076171875 0.212890625 0.212890625 0.1796875
0 0.330078125 0.3486328125 0.12890625 0.080078125
0 0.3251953125 0.435546875 0.142578125 0.0859375
0 0.3310546875 0.5224609375 0.130859375 0.076171875
0 0.3251953125 0.607421875 0.115234375 0.08203125
