0 0.7236328125 0.0751953125 0.126953125 0.091796875
0 0.7236328125 0.166015625 0.126953125 0.0859375
0 0.724609375 0.248046875 0.125 0.07421875
0 0.7265625 0.333984375 0.1328125 0.0859375
0 0.728515625 0.4248046875 0.14453125 0.083984375
0 0.728515625 0.5126953125 0.12890625 0.080078125
0 0.4619140625 0.1865234375 0.341796875 0.228515625
0 0.4638671875 0.4189453125 0.345703125 0.220703125
0 0.4697265625 0.580078125 0.138671875 0.10546875
0 0.2001953125 0.2529296875 0.146484375 0.103515625
0 0.21875 0.3369140625 0.09765625 0.052734375
0 0.203125 0.40625 0.125 0.08203125
0 0.2021484375 0.48828125 0.111328125 0.08203125
0 0.2021484375 0.576171875 0.138671875 0.0859375
0 0.2021484375 0.6689453125 0.150390625 0.099609375
