0 0.1572265625 0.1875 0.111328125 0.09375
0 0.26953125 0.189453125 0.1171875 0.09375
0 0.3935546875 0.1904296875 0.123046875 0.091796875
0 0.1513671875 0.2841796875 0.123046875 0.087890625
0 0.275390625 0.28515625 0.1171875 0.08984375
0 0.3955078125 0.283203125 0.115234375 0.08984375
0 0.51171875 0.283203125 0.109375 0.08984375
0 0.6201171875 0.2841796875 0.099609375 0.095703125
0 0.1552734375 0.3759765625 0.119140625 0.076171875
0 0.25390625 0.3740234375 0.0703125 0.083984375
0 0.345703125 0.376953125 0.08984375 0.0859375
0 0.455078125 0.3779296875 0.109375 0.083984375
0 0.5751953125 0.3759765625 0.111328125 0.080078125
