0 0.1220703125 0.072265625 0.138671875 0.0859375
0 0.2578125 0.0693359375 0.12890625 0.083984375
0 0.390625 0.0693359375 0.125 0.083984375
0 0.5234375 0.0693359375 0.12890625 0.083984375
0 0.6630859375 0.068359375 0.138671875 0.078125
0 0.2568359375 0.1513671875 0.126953125 0.072265625
0 0.3876953125 0.1513671875 0.119140625 0.068359375
0 0.509765625 0.1494140625 0.1171875 0.064453125
0 0.6123046875 0.150390625 0.080078125 0.07421875
0 0.72265625 0.150390625 0.1328125 0.078125
0 0.8642578125 0.1484375 0.138671875 0.07421875
