0 0.08984375 0.0791015625 0.1484375 0.115234375
0 0.2216796875 0.078125 0.103515625 0.1015625
0 0.341796875 0.078125 0.12109375 0.078125
0 0.4775390625 0.076171875 0.138671875 0.109375
0 0.6201171875 0.080078125 0.126953125 0.11328125
0 0.7646484375 0.0810546875 0.142578125 0.111328125
0 0.9150390625 0.08203125 0.138671875 0.1171875
0 0.123046875 0.1884765625 0.09765625 0.076171875
0 0.2353515625 0.1904296875 0.111328125 0.087890625
0 0.3515625 0.1845703125 0.1015625 0.068359375
0 0.4541015625 0.189453125 0.072265625 0.0859375
0 0.5498046875 0.189453125 0.107421875 0.0625
0 0.6552734375 0.189453125 0.091796875 0.078125
0 0.759765625 0.19140625 0.09765625 0.07421875
0 0.8681640625 0.1943359375 0.103515625 0.076171875
