0 0.103515625 0.072265625 0.12109375 0.109375
0 0.2314453125 0.0732421875 0.119140625 0.087890625
0 0.3525390625 0.0751953125 0.115234375 0.103515625
0 0.4580078125 0.072265625 0.076171875 0.109375
0 0.5693359375 0.0791015625 0.107421875 0.103515625
0 0.6953125 0.076171875 0.125 0.1015625
0 0.8056640625 0.07421875 0.095703125 0.11328125
0 0.9072265625 0.0751953125 0.099609375 0.103515625
0 0.103515625 0.193359375 0.1484375 0.1171875
0 0.248046875 0.19140625 0.1328125 0.12109375
0 0.3720703125 0.1923828125 0.099609375 0.119140625
0 0.478515625 0.193359375 0.10546875 0.1171875
0 0.6171875 0.1875 0.12109375 0.09765625
0 0.7509765625 0.193359375 0.126953125 0.1171875
0 0.892578125 0.1953125 0.140625 0.11328125
