0 0.39453125 0.138671875 0.13671875 0.1015625
0 0.5185546875 0.1357421875 0.099609375 0.091796875
0 0.640625 0.1376953125 0.125 0.087890625
0 0.087890625 0.26171875 0.14453125 0.09375
0 0.2333984375 0.2578125 0.130859375 0.1171875
0 0.369140625 0.2568359375 0.12109375 0.123046875
0 0.505859375 0.2626953125 0.12109375 0.115234375
0 0.640625 0.26171875 0.12890625 0.11328125
0 0.7861328125 0.2626953125 0.138671875 0.119140625
0 0.2666015625 0.3818359375 0.146484375 0.107421875
0 0.427734375 0.3828125 0.15625 0.1171875
0 0.580078125 0.3818359375 0.13671875 0.103515625
0 0.7421875 0.3818359375 0.15234375 0.115234375
