0 0.1181640625 0.1318359375 0.119140625 0.080078125
0 0.2353515625 0.1328125 0.091796875 0.07421875
0 0.3388671875 0.1337890625 0.099609375 0.072265625
0 0.4521484375 0.1279296875 0.107421875 0.080078125
0 0.5732421875 0.1298828125 0.111328125 0.080078125
0 0.6884765625 0.12890625 0.103515625 0.0859375
0 0.80078125 0.1279296875 0.09765625 0.087890625
0 0.1220703125 0.2275390625 0.126953125 0.087890625
0 0.24609375 0.2255859375 0.1171875 0.091796875
0 0.3662109375 0.2255859375 0.107421875 0.076171875
0 0.482421875 0.220703125 0.1171875 0.0859375
0 0.603515625 0.2216796875 0.1171875 0.087890625
0 0.7255859375 0.22265625 0.115234375 0.0859375
0 0.8515625 0.2197265625 0.125 0.091796875
