0 0.0810546875 0.1533203125 0.142578125 0.119140625
0 0.232421875 0.15234375 0.140625 0.1171875
0 0.384765625 0.1572265625 0.140625 0.115234375
0 0.5927734375 0.15234375 0.142578125 0.12109375
0 0.7353515625 0.154296875 0.138671875 0.12109375
0 0.8828125 0.1552734375 0.14453125 0.126953125
0 0.1259765625 0.2802734375 0.142578125 0.115234375
0 0.2734375 0.2802734375 0.14453125 0.119140625
0 0.419921875 0.283203125 0.140625 0.09765625
0 0.5615234375 0.28125 0.130859375 0.1015625
0 0.70703125 0.27734375 0.13671875 0.11328125
0 0.8525390625 0.2822265625 0.138671875 0.119140625
