0 0.4091796875 0.1826171875 0.150390625 0.119140625
0 0.5625 0.18359375 0.1484375 0.109375
0 0.7099609375 0.1826171875 0.146484375 0.107421875
0 0.86328125 0.1845703125 0.15625 0.111328125
0 0.0791015625 0.3046875 0.126953125 0.1015625
0 0.2041015625 0.30859375 0.107421875 0.10546875
0 0.3125 0.326171875 0.1015625 0.06640625
0 0.4189453125 0.30859375 0.111328125 0.109375
0 0.646484375 0.3017578125 0.109375 0.099609375
0 0.7568359375 0.3115234375 0.107421875 0.115234375
0 0.8818359375 0.3125 0.126953125 0.11328125
