0 0.109375 0.091796875 0.11328125 0.078125
0 0.23046875 0.0888671875 0.11328125 0.083984375
0 0.3466796875 0.0908203125 0.115234375 0.080078125
0 0.4580078125 0.09765625 0.099609375 0.05859375
0 0.56640625 0.087890625 0.1171875 0.08203125
0 0.69140625 0.0888671875 0.125 0.087890625
0 0.8134765625 0.08984375 0.115234375 0.0859375
0 0.9248046875 0.095703125 0.091796875 0.0625
0 0.27734375 0.17578125 0.1171875 0.08203125
0 0.3974609375 0.1787109375 0.123046875 0.083984375
0 0.5166015625 0.17578125 0.115234375 0.0859375
0 0.6318359375 0.1767578125 0.107421875 0.083984375
0 0.7470703125 0.1767578125 0.115234375 0.083984375
