0 0.208984375 0.1708984375 0.09375 0.064453125
0 0.2998046875 0.171875 0.087890625 0.06640625
0 0.3896484375 0.169921875 0.087890625 0.06640625
0 0.517578125 0.1708984375 0.1015625 0.068359375
0 0.625 0.16796875 0.11328125 0.078125
0 0.73828125 0.166015625 0.08203125 0.07421875
0 0.1865234375 0.2587890625 0.115234375 0.072265625
0 0.2919921875 0.259765625 0.076171875 0.06640625
0 0.388671875 0.2578125 0.09375 0.0703125
0 0.486328125 0.2587890625 0.078125 0.068359375
0 0.59765625 0.255859375 0.09375 0.06640625
0 0.693359375 0.255859375 0.09765625 0.0703125
0 0.7919921875 0.2578125 0.076171875 0.07421875
0 0.2216796875 0.341796875 0.072265625 0.07421875
0 0.3115234375 0.337890625 0.091796875 0.046875
0 0.4013671875 0.3369140625 0.080078125 0.064453125
0 0.4892578125 0.337890625 0.076171875 0.0625
0 0.580078125 0.333984375 0.07421875 0.05859375
0 0.6650390625 0.3369140625 0.068359375 0.048828125
0 0.7451171875 0.3388671875 0.052734375 0.068359375
