0 0.759765625 0.0654296875 0.109375 0.072265625
0 0.7607421875 0.140625 0.119140625 0.07421875
0 0.759765625 0.2138671875 0.109375 0.072265625
0 0.76171875 0.287109375 0.12109375 0.0703125
0 0.7646484375 0.3603515625 0.107421875 0.068359375
0 0.7666015625 0.43359375 0.111328125 0.07421875
0 0.62890625 0.06640625 0.12109375 0.0703125
0 0.62890625 0.138671875 0.1171875 0.07421875
0 0.6318359375 0.212890625 0.115234375 0.07421875
0 0.634765625 0.2861328125 0.1171875 0.068359375
0 0.63671875 0.3623046875 0.1015625 0.060546875
