0 0.1474609375 0.140625 0.123046875 0.078125
0 0.2861328125 0.1416015625 0.119140625 0.080078125
0 0.4306640625 0.1416015625 0.123046875 0.080078125
0 0.5673828125 0.1474609375 0.111328125 0.064453125
0 0.8193359375 0.1435546875 0.119140625 0.087890625
0 0.11328125 0.228515625 0.140625 0.08984375
0 0.2587890625 0.228515625 0.142578125 0.0859375
0 0.4052734375 0.2294921875 0.134765625 0.087890625
0 0.5498046875 0.23046875 0.130859375 0.08203125
0 0.7021484375 0.2314453125 0.138671875 0.087890625
0 0.8505859375 0.234375 0.138671875 0.08984375
