0 0.0703125 0.181640625 0.08984375 0.0859375
0 0.1748046875 0.1796875 0.099609375 0.08203125
0 0.28515625 0.181640625 0.09375 0.08203125
0 0.3857421875 0.1845703125 0.111328125 0.083984375
0 0.4951171875 0.181640625 0.107421875 0.078125
0 0.603515625 0.17578125 0.09765625 0.07421875
0 0.701171875 0.1865234375 0.08984375 0.068359375
0 0.7958984375 0.1865234375 0.087890625 0.064453125
0 0.900390625 0.1748046875 0.11328125 0.087890625
0 0.2119140625 0.2783203125 0.126953125 0.087890625
0 0.3466796875 0.279296875 0.107421875 0.0859375
0 0.455078125 0.2783203125 0.09765625 0.080078125
0 0.5634765625 0.27734375 0.119140625 0.08984375
0 0.6787109375 0.279296875 0.099609375 0.0859375
0 0.787109375 0.27734375 0.1171875 0.0859375
