0 0.123046875 0.2724609375 0.23828125 0.162109375
0 0.375 0.2734375 0.234375 0.1640625
0 0.6240234375 0.27734375 0.244140625 0.16015625
0 0.875 0.279296875 0.2421875 0.171875
0 0.060546875 0.4111328125 0.10546875 0.083984375
0 0.18359375 0.4130859375 0.12890625 0.087890625
0 0.31640625 0.4130859375 0.12890625 0.091796875
0 0.53125 0.4140625 0.1328125 0.08984375
0 0.666015625 0.412109375 0.1328125 0.09375
0 0.7958984375 0.4140625 0.126953125 0.0859375
0 0.9296875 0.4169921875 0.1328125 0.091796875
