0 0.0927734375 0.0625 0.126953125 0.08984375
0 0.224609375 0.060546875 0.12109375 0.0859375
0 0.3505859375 0.0595703125 0.126953125 0.087890625
0 0.474609375 0.060546875 0.1015625 0.07421875
0 0.1435546875 0.185546875 0.126953125 0.10546875
0 0.28125 0.18359375 0.12109375 0.10546875
0 0.40625 0.1796875 0.11328125 0.0859375
0 0.5078125 0.185546875 0.08203125 0.0859375
0 0.6064453125 0.181640625 0.095703125 0.07421875
0 0.708984375 0.1826171875 0.109375 0.091796875
0 0.802734375 0.1962890625 0.0625 0.072265625
0 0.884765625 0.1845703125 0.10546875 0.083984375
0 0.9072265625 0.2587890625 0.099609375 0.056640625
0 0.126953125 0.31640625 0.09375 0.078125
0 0.2333984375 0.3173828125 0.111328125 0.083984375
0 0.3447265625 0.31640625 0.103515625 0.0703125
0 0.4541015625 0.31640625 0.107421875 0.078125
0 0.56640625 0.3154296875 0.109375 0.080078125
0 0.724609375 0.3154296875 0.078125 0.080078125
0 0.6689453125 0.4052734375 0.107421875 0.072265625
0 0.7802734375 0.400390625 0.099609375 0.05859375
0 0.87109375 0.400390625 0.07421875 0.078125
0 0.94140625 0.3974609375 0.05859375 0.083984375
