0 0.568359375 0.099609375 0.16015625 0.09765625
0 0.5693359375 0.1953125 0.111328125 0.08984375
0 0.568359375 0.29296875 0.15625 0.1015625
0 0.5810546875 0.390625 0.119140625 0.08984375
0 0.5673828125 0.484375 0.134765625 0.0859375
0 0.3984375 0.091796875 0.140625 0.08984375
0 0.3984375 0.1884765625 0.11328125 0.087890625
0 0.3974609375 0.2841796875 0.130859375 0.091796875
0 0.400390625 0.37109375 0.14453125 0.07421875
0 0.3984375 0.458984375 0.12109375 0.0859375
0 0.396484375 0.55859375 0.1171875 0.09765625
