0 0.2548828125 0.212890625 0.115234375 0.09765625
0 0.490234375 0.220703125 0.09765625 0.1015625
0 0.5146484375 0.3486328125 0.103515625 0.111328125
0 0.630859375 0.3466796875 0.11328125 0.091796875
0 0.7314453125 0.3740234375 0.095703125 0.083984375
0 0.830078125 0.3544921875 0.07421875 0.126953125
0 0.349609375 0.51171875 0.0859375 0.0859375
0 0.42578125 0.5126953125 0.0625 0.080078125
0 0.5048828125 0.5107421875 0.083984375 0.087890625
0 0.580078125 0.5146484375 0.05078125 0.091796875
0 0.6455078125 0.5078125 0.080078125 0.08203125
0 0.71484375 0.525390625 0.05859375 0.0703125
