0 0.259765625 0.072265625 0.09765625 0.07421875
0 0.376953125 0.0732421875 0.109375 0.076171875
0 0.494140625 0.072265625 0.1171875 0.078125
0 0.609375 0.0712890625 0.09375 0.080078125
0 0.7255859375 0.07421875 0.123046875 0.0703125
0 0.08203125 0.1572265625 0.1171875 0.080078125
0 0.2021484375 0.15625 0.111328125 0.08203125
0 0.31640625 0.1552734375 0.1171875 0.080078125
0 0.435546875 0.1572265625 0.11328125 0.080078125
0 0.5537109375 0.1552734375 0.107421875 0.076171875
0 0.6728515625 0.1533203125 0.111328125 0.080078125
0 0.787109375 0.16015625 0.1015625 0.078125
0 0.9052734375 0.1572265625 0.111328125 0.080078125
