0 0.1875 0.201171875 0.0859375 0.0625
0 0.2744140625 0.19921875 0.080078125 0.05859375
0 0.3544921875 0.2001953125 0.080078125 0.056640625
0 0.4384765625 0.19921875 0.080078125 0.0546875
0 0.5205078125 0.2021484375 0.083984375 0.048828125
0 0.603515625 0.1982421875 0.07421875 0.052734375
0 0.681640625 0.1982421875 0.0859375 0.056640625
0 0.7705078125 0.2001953125 0.080078125 0.048828125
0 0.353515625 0.263671875 0.08984375 0.05859375
0 0.4404296875 0.2646484375 0.080078125 0.060546875
0 0.5234375 0.2626953125 0.078125 0.060546875
0 0.60546875 0.263671875 0.0859375 0.05859375
