0 0.3876953125 0.0625 0.107421875 0.06640625
0 0.3896484375 0.154296875 0.099609375 0.0703125
0 0.3935546875 0.244140625 0.095703125 0.06640625
0 0.384765625 0.3330078125 0.1015625 0.068359375
0 0.3876953125 0.5126953125 0.119140625 0.076171875
0 0.390625 0.60546875 0.1015625 0.06640625
0 0.251953125 0.0654296875 0.109375 0.068359375
0 0.25 0.154296875 0.10546875 0.0625
0 0.248046875 0.248046875 0.109375 0.078125
0 0.251953125 0.3330078125 0.109375 0.068359375
0 0.1171875 0.06640625 0.09375 0.0703125
0 0.1162109375 0.1552734375 0.111328125 0.072265625
0 0.11328125 0.2431640625 0.10546875 0.072265625
0 0.115234375 0.3330078125 0.109375 0.072265625
0 0.1103515625 0.4248046875 0.111328125 0.064453125
