0 0.044921875 0.1142578125 0.078125 0.080078125
0 0.1376953125 0.115234375 0.091796875 0.0859375
0 0.2451171875 0.11328125 0.099609375 0.0859375
0 0.35546875 0.115234375 0.10546875 0.07421875
0 0.46484375 0.11328125 0.11328125 0.0859375
0 0.564453125 0.11328125 0.0859375 0.078125
0 0.6650390625 0.115234375 0.099609375 0.0859375
0 0.771484375 0.1162109375 0.09765625 0.076171875
0 0.853515625 0.12890625 0.0625 0.046875
0 0.9423828125 0.1162109375 0.091796875 0.083984375
0 0.509765625 0.2041015625 0.1015625 0.083984375
0 0.615234375 0.2021484375 0.10546875 0.076171875
0 0.7197265625 0.2060546875 0.095703125 0.080078125
0 0.826171875 0.2080078125 0.109375 0.076171875
0 0.939453125 0.2080078125 0.109375 0.087890625
