0 0.9052734375 0.07421875 0.173828125 0.12109375
0 0.8994140625 0.1962890625 0.173828125 0.111328125
0 0.90625 0.3056640625 0.15625 0.099609375
0 0.9033203125 0.4091796875 0.162109375 0.103515625
0 0.90234375 0.521484375 0.16796875 0.10546875
0 0.705078125 0.0712890625 0.1875 0.115234375
0 0.7080078125 0.1767578125 0.162109375 0.095703125
0 0.7060546875 0.2802734375 0.173828125 0.103515625
0 0.7099609375 0.388671875 0.169921875 0.1015625
0 0.7041015625 0.4931640625 0.166015625 0.087890625
0 0.5048828125 0.072265625 0.181640625 0.1171875
0 0.5029296875 0.1904296875 0.185546875 0.115234375
0 0.5029296875 0.3037109375 0.173828125 0.103515625
0 0.5087890625 0.416015625 0.185546875 0.12109375
