0 0.0537109375 0.119140625 0.091796875 0.078125
0 0.1435546875 0.1162109375 0.087890625 0.072265625
0 0.2333984375 0.11328125 0.083984375 0.07421875
0 0.322265625 0.1162109375 0.09765625 0.076171875
0 0.416015625 0.115234375 0.08984375 0.078125
0 0.505859375 0.115234375 0.08984375 0.078125
0 0.0625 0.2607421875 0.109375 0.185546875
0 0.1806640625 0.2587890625 0.119140625 0.181640625
0 0.298828125 0.2587890625 0.1171875 0.166015625
0 0.52734375 0.2548828125 0.10546875 0.169921875
0 0.6435546875 0.24609375 0.115234375 0.16015625
0 0.8759765625 0.25 0.115234375 0.171875
0 0.0546875 0.4033203125 0.09375 0.076171875
0 0.1474609375 0.4013671875 0.083984375 0.076171875
0 0.23828125 0.4013671875 0.09375 0.072265625
0 0.3291015625 0.40234375 0.083984375 0.0703125
0 0.419921875 0.4033203125 0.0859375 0.076171875
