0 0.4619140625 0.0986328125 0.107421875 0.087890625
0 0.4619140625 0.1865234375 0.095703125 0.083984375
0 0.4677734375 0.2705078125 0.107421875 0.076171875
0 0.2783203125 0.0986328125 0.130859375 0.115234375
0 0.27734375 0.2158203125 0.13671875 0.107421875
0 0.2763671875 0.3291015625 0.123046875 0.111328125
0 0.1015625 0.1005859375 0.1484375 0.111328125
0 0.10546875 0.2080078125 0.12109375 0.095703125
0 0.1005859375 0.314453125 0.130859375 0.1015625
0 0.107421875 0.42578125 0.13671875 0.10546875
