0 0.1455078125 0.2607421875 0.072265625 0.087890625
0 0.23046875 0.2587890625 0.08203125 0.091796875
0 0.318359375 0.259765625 0.0859375 0.09375
0 0.4091796875 0.2607421875 0.083984375 0.091796875
0 0.49609375 0.259765625 0.08203125 0.09375
0 0.583984375 0.2607421875 0.07421875 0.080078125
0 0.6669921875 0.26171875 0.076171875 0.0859375
0 0.75 0.26171875 0.0859375 0.08203125
0 0.8408203125 0.2607421875 0.087890625 0.080078125
0 0.3603515625 0.3583984375 0.095703125 0.091796875
0 0.447265625 0.359375 0.08203125 0.08984375
0 0.537109375 0.359375 0.08984375 0.08984375
0 0.6279296875 0.3583984375 0.091796875 0.095703125
