0 0.06640625 0.1474609375 0.07421875 0.095703125
0 0.146484375 0.146484375 0.078125 0.09375
0 0.2236328125 0.1474609375 0.072265625 0.091796875
0 0.3017578125 0.1474609375 0.080078125 0.095703125
0 0.3759765625 0.1474609375 0.072265625 0.095703125
0 0.4541015625 0.146484375 0.076171875 0.08984375
0 0.5341796875 0.146484375 0.076171875 0.09375
0 0.6103515625 0.1474609375 0.076171875 0.091796875
0 0.689453125 0.1474609375 0.07421875 0.087890625
0 0.748046875 0.146484375 0.03515625 0.08984375
0 0.78515625 0.1474609375 0.03125 0.091796875
0 0.8251953125 0.1455078125 0.041015625 0.091796875
0 0.8837890625 0.146484375 0.068359375 0.09375
