0 0.087890625 0.4013671875 0.09765625 0.083984375
0 0.2021484375 0.40234375 0.111328125 0.08203125
0 0.31640625 0.400390625 0.11328125 0.08984375
0 0.435546875 0.40234375 0.109375 0.0859375
0 0.55078125 0.400390625 0.11328125 0.078125
0 0.6708984375 0.404296875 0.119140625 0.08984375
0 0.7841796875 0.40234375 0.107421875 0.08203125
0 0.8955078125 0.4033203125 0.099609375 0.087890625
0 0.1494140625 0.580078125 0.232421875 0.23046875
0 0.376953125 0.580078125 0.203125 0.22265625
0 0.60546875 0.5830078125 0.203125 0.224609375
0 0.8408203125 0.583984375 0.224609375 0.2265625
