0 0.6123046875 0.0986328125 0.158203125 0.150390625
0 0.619140625 0.2587890625 0.24609375 0.158203125
0 0.61328125 0.4091796875 0.20703125 0.119140625
0 0.626953125 0.72265625 0.24609375 0.15625
0 0.626953125 0.88671875 0.234375 0.16015625
0 0.3486328125 0.078125 0.185546875 0.09765625
0 0.35546875 0.2021484375 0.1953125 0.111328125
0 0.3525390625 0.3388671875 0.232421875 0.146484375
0 0.359375 0.486328125 0.24609375 0.1171875
0 0.349609375 0.6181640625 0.19921875 0.134765625
0 0.3720703125 0.75390625 0.193359375 0.109375
0 0.375 0.8994140625 0.125 0.146484375
