0 0.1025390625 0.1826171875 0.099609375 0.072265625
0 0.203125 0.1826171875 0.08984375 0.072265625
0 0.3046875 0.1826171875 0.08984375 0.072265625
0 0.4033203125 0.1826171875 0.091796875 0.072265625
0 0.5107421875 0.1787109375 0.107421875 0.076171875
0 0.6181640625 0.181640625 0.107421875 0.07421875
0 0.728515625 0.1806640625 0.1015625 0.072265625
0 0.833984375 0.1796875 0.1015625 0.078125
0 0.91015625 0.197265625 0.05078125 0.04296875
0 0.287109375 0.2685546875 0.109375 0.072265625
0 0.396484375 0.265625 0.1015625 0.0703125
0 0.4951171875 0.265625 0.095703125 0.07421875
0 0.5927734375 0.2666015625 0.083984375 0.068359375
0 0.69140625 0.2666015625 0.11328125 0.072265625
