0 0.1513671875 0.1259765625 0.083984375 0.080078125
0 0.240234375 0.1259765625 0.08984375 0.080078125
0 0.3232421875 0.125 0.076171875 0.08203125
0 0.40234375 0.12890625 0.07421875 0.046875
0 0.4873046875 0.126953125 0.083984375 0.06640625
0 0.150390625 0.2197265625 0.0859375 0.076171875
0 0.240234375 0.2197265625 0.08203125 0.076171875
0 0.3291015625 0.216796875 0.087890625 0.07421875
0 0.4150390625 0.21875 0.083984375 0.078125
0 0.5 0.21484375 0.078125 0.0703125
0 0.5771484375 0.2158203125 0.068359375 0.072265625
0 0.6513671875 0.21484375 0.056640625 0.07421875
0 0.72265625 0.2138671875 0.06640625 0.076171875
0 0.7919921875 0.2216796875 0.060546875 0.056640625
0 0.865234375 0.2158203125 0.08203125 0.072265625
