0 0.064453125 0.099609375 0.125 0.13671875
0 0.1875 0.0947265625 0.12109375 0.154296875
0 0.3291015625 0.09375 0.126953125 0.16015625
0 0.470703125 0.09375 0.140625 0.16015625
0 0.623046875 0.09375 0.1328125 0.140625
0 0.9208984375 0.0859375 0.142578125 0.15625
0 0.0615234375 0.2919921875 0.119140625 0.103515625
0 0.189453125 0.2919921875 0.125 0.115234375
0 0.3232421875 0.287109375 0.126953125 0.11328125
0 0.451171875 0.291015625 0.109375 0.1015625
0 0.625 0.27734375 0.23046875 0.19140625
0 0.8759765625 0.27734375 0.232421875 0.19140625
