0 0.1494140625 0.171875 0.228515625 0.14453125
0 0.4658203125 0.1669921875 0.228515625 0.154296875
0 0.6943359375 0.1708984375 0.224609375 0.154296875
0 0.1484375 0.333984375 0.24609375 0.15625
0 0.3876953125 0.333984375 0.220703125 0.15625
0 0.6201171875 0.3349609375 0.220703125 0.154296875
0 0.8583984375 0.3369140625 0.224609375 0.154296875
0 0.091796875 0.4892578125 0.1171875 0.111328125
0 0.22265625 0.4912109375 0.125 0.126953125
0 0.3466796875 0.4951171875 0.123046875 0.111328125
0 0.478515625 0.4892578125 0.125 0.130859375
0 0.6533203125 0.4921875 0.142578125 0.13671875
0 0.7861328125 0.4931640625 0.111328125 0.107421875
0 0.916015625 0.4951171875 0.125 0.130859375
