0 0.21484375 0.107421875 0.265625 0.16015625
0 0.484375 0.1044921875 0.25 0.162109375
0 0.736328125 0.115234375 0.22265625 0.1328125
0 0.2685546875 0.263671875 0.193359375 0.125
0 0.4697265625 0.2587890625 0.197265625 0.130859375
0 0.666015625 0.259765625 0.19921875 0.13671875
0 0.083984375 0.43359375 0.1640625 0.125
0 0.271484375 0.4326171875 0.1796875 0.138671875
0 0.4658203125 0.4345703125 0.189453125 0.126953125
0 0.666015625 0.4345703125 0.19140625 0.134765625
0 0.8740234375 0.4365234375 0.193359375 0.130859375
