0 0.2021484375 0.1240234375 0.123046875 0.095703125
0 0.3310546875 0.123046875 0.115234375 0.1015625
0 0.4638671875 0.1240234375 0.146484375 0.095703125
0 0.607421875 0.123046875 0.12890625 0.08984375
0 0.7470703125 0.1240234375 0.138671875 0.091796875
0 0.4853515625 0.2001953125 0.080078125 0.052734375
0 0.130859375 0.255859375 0.1484375 0.09765625
0 0.2734375 0.2578125 0.140625 0.09375
0 0.4091796875 0.2626953125 0.130859375 0.068359375
0 0.5576171875 0.26953125 0.126953125 0.078125
0 0.6923828125 0.259765625 0.126953125 0.08984375
0 0.830078125 0.25390625 0.14453125 0.0859375
