0 0.0693359375 0.0859375 0.107421875 0.07421875
0 0.1796875 0.0859375 0.11328125 0.07421875
0 0.291015625 0.0849609375 0.109375 0.072265625
0 0.40625 0.0869140625 0.09765625 0.083984375
0 0.5185546875 0.0869140625 0.119140625 0.076171875
0 0.064453125 0.173828125 0.12109375 0.06640625
0 0.17578125 0.1787109375 0.08984375 0.083984375
0 0.2880859375 0.1796875 0.119140625 0.0703125
0 0.416015625 0.1806640625 0.1171875 0.087890625
0 0.541015625 0.1806640625 0.1171875 0.083984375
0 0.666015625 0.1806640625 0.12890625 0.080078125
0 0.80078125 0.1826171875 0.12890625 0.087890625
0 0.93359375 0.1806640625 0.125 0.087890625
0 0.552734375 0.2763671875 0.140625 0.091796875
0 0.6728515625 0.275390625 0.103515625 0.078125
0 0.79296875 0.275390625 0.1171875 0.078125
0 0.923828125 0.27734375 0.1328125 0.09375
