0 0.220703125 0.310546875 0.15625 0.109375
0 0.380859375 0.310546875 0.15625 0.10546875
0 0.5400390625 0.3134765625 0.150390625 0.095703125
0 0.220703125 0.4248046875 0.15625 0.099609375
0 0.369140625 0.4248046875 0.125 0.099609375
0 0.5068359375 0.42578125 0.142578125 0.1015625
0 0.658203125 0.4287109375 0.14453125 0.099609375
0 0.21875 0.541015625 0.15625 0.10546875
0 0.3759765625 0.5439453125 0.154296875 0.111328125
0 0.5400390625 0.541015625 0.146484375 0.10546875
0 0.703125 0.5458984375 0.16015625 0.107421875
