0 0.8701171875 0.109375 0.224609375 0.1484375
0 0.8701171875 0.263671875 0.224609375 0.13671875
0 0.8681640625 0.408203125 0.208984375 0.1328125
0 0.87109375 0.5546875 0.23828125 0.140625
0 0.8662109375 0.7021484375 0.240234375 0.142578125
0 0.6279296875 0.1083984375 0.224609375 0.154296875
0 0.630859375 0.2587890625 0.2421875 0.134765625
0 0.6201171875 0.40625 0.205078125 0.13671875
0 0.388671875 0.10546875 0.23046875 0.140625
0 0.384765625 0.2529296875 0.234375 0.142578125
0 0.548828125 0.615234375 0.34765625 0.23828125
0 0.5400390625 0.865234375 0.322265625 0.23046875
0 0.177734375 0.615234375 0.3359375 0.25
0 0.1787109375 0.857421875 0.337890625 0.23046875
