0 0.90234375 0.068359375 0.1640625 0.10546875
0 0.90625 0.173828125 0.171875 0.1015625
0 0.8994140625 0.2841796875 0.142578125 0.099609375
0 0.896484375 0.390625 0.109375 0.10546875
0 0.8984375 0.482421875 0.15234375 0.078125
0 0.8974609375 0.576171875 0.154296875 0.07421875
0 0.90234375 0.6552734375 0.14453125 0.076171875
0 0.90234375 0.7392578125 0.1171875 0.076171875
0 0.734375 0.13671875 0.140625 0.0859375
0 0.7373046875 0.2265625 0.134765625 0.08203125
0 0.7373046875 0.34765625 0.154296875 0.0859375
0 0.7373046875 0.435546875 0.146484375 0.0859375
0 0.7373046875 0.556640625 0.146484375 0.08203125
0 0.7353515625 0.642578125 0.134765625 0.078125
0 0.083984375 0.6875 0.1484375 0.109375
