0 0.2470703125 0.0654296875 0.138671875 0.107421875
0 0.37890625 0.064453125 0.125 0.109375
0 0.5087890625 0.0654296875 0.123046875 0.111328125
0 0.6337890625 0.0654296875 0.119140625 0.111328125
0 0.7578125 0.064453125 0.12109375 0.1015625
0 0.0673828125 0.2021484375 0.130859375 0.123046875
0 0.1962890625 0.2041015625 0.123046875 0.119140625
0 0.3076171875 0.2001953125 0.091796875 0.111328125
0 0.4091796875 0.201171875 0.103515625 0.1171875
0 0.5205078125 0.1962890625 0.083984375 0.115234375
0 0.626953125 0.1865234375 0.09375 0.091796875
0 0.732421875 0.2001953125 0.11328125 0.107421875
0 0.85546875 0.19921875 0.125 0.125
0 0.9599609375 0.208984375 0.076171875 0.08984375
0 0.072265625 0.3310546875 0.125 0.111328125
0 0.193359375 0.3349609375 0.10546875 0.111328125
0 0.3017578125 0.3466796875 0.103515625 0.080078125
0 0.404296875 0.33203125 0.09765625 0.109375
0 0.5224609375 0.33203125 0.126953125 0.12109375
0 0.6572265625 0.3369140625 0.119140625 0.115234375
0 0.78125 0.333984375 0.125 0.10546875
0 0.9130859375 0.3359375 0.138671875 0.125
0 0.072265625 0.4677734375 0.12890625 0.111328125
0 0.2021484375 0.470703125 0.123046875 0.10546875
0 0.32421875 0.4677734375 0.109375 0.111328125
0 0.0791015625 0.607421875 0.142578125 0.12109375
0 0.220703125 0.60546875 0.1328125 0.12109375
0 0.3623046875 0.603515625 0.138671875 0.12109375
