0 0.3642578125 0.126953125 0.076171875 0.0703125
0 0.447265625 0.12890625 0.05859375 0.0703125
0 0.5283203125 0.12890625 0.080078125 0.0703125
0 0.6171875 0.12890625 0.078125 0.0703125
0 0.7021484375 0.1318359375 0.068359375 0.068359375
0 0.7841796875 0.1328125 0.076171875 0.06640625
0 0.87109375 0.1298828125 0.0703125 0.068359375
0 0.9501953125 0.134765625 0.076171875 0.06640625
0 0.1318359375 0.306640625 0.251953125 0.2109375
0 0.3994140625 0.306640625 0.251953125 0.21875
0 0.564453125 0.2333984375 0.06640625 0.048828125
0 0.5625 0.3876953125 0.05078125 0.048828125
0 0.6630859375 0.2607421875 0.115234375 0.107421875
0 0.9208984375 0.2578125 0.119140625 0.11328125
0 0.6435546875 0.3740234375 0.080078125 0.087890625
0 0.740234375 0.3740234375 0.09765625 0.087890625
0 0.841796875 0.376953125 0.0859375 0.09375
0 0.943359375 0.375 0.0859375 0.09765625
