0 0.1845703125 0.0791015625 0.130859375 0.123046875
0 0.3173828125 0.080078125 0.123046875 0.12109375
0 0.4521484375 0.0751953125 0.138671875 0.119140625
0 0.5927734375 0.08203125 0.130859375 0.12109375
0 0.71875 0.08984375 0.12890625 0.10546875
0 0.181640625 0.2001953125 0.140625 0.099609375
0 0.3173828125 0.1982421875 0.134765625 0.095703125
0 0.451171875 0.19921875 0.12890625 0.09765625
0 0.5791015625 0.197265625 0.119140625 0.09375
0 0.7080078125 0.2001953125 0.134765625 0.103515625
0 0.8486328125 0.1982421875 0.134765625 0.091796875
