0 0.1748046875 0.09765625 0.177734375 0.13671875
0 0.3515625 0.0947265625 0.1640625 0.130859375
0 0.5205078125 0.09765625 0.162109375 0.1328125
0 0.6640625 0.0986328125 0.12109375 0.123046875
0 0.17578125 0.2373046875 0.16796875 0.126953125
0 0.3486328125 0.236328125 0.158203125 0.125
0 0.50390625 0.2353515625 0.140625 0.119140625
0 0.6484375 0.2314453125 0.1328125 0.119140625
0 0.7802734375 0.240234375 0.115234375 0.11328125
0 0.92578125 0.240234375 0.125 0.1015625
0 0.173828125 0.4697265625 0.171875 0.130859375
0 0.3486328125 0.46875 0.166015625 0.140625
0 0.5380859375 0.4677734375 0.169921875 0.138671875
0 0.71875 0.462890625 0.17578125 0.1328125
0 0.9052734375 0.46875 0.158203125 0.15234375
