0 0.533203125 0.0791015625 0.12890625 0.072265625
0 0.54296875 0.1484375 0.12109375 0.0625
0 0.546875 0.21875 0.12890625 0.06640625
0 0.5361328125 0.296875 0.138671875 0.07421875
0 0.537109375 0.384765625 0.1484375 0.09765625
0 0.3720703125 0.0830078125 0.142578125 0.095703125
0 0.375 0.1767578125 0.1484375 0.087890625
0 0.373046875 0.267578125 0.14453125 0.0859375
0 0.37109375 0.3603515625 0.140625 0.087890625
0 0.375 0.4599609375 0.140625 0.095703125
0 0.212890625 0.080078125 0.125 0.0859375
0 0.212890625 0.16796875 0.125 0.078125
0 0.21875 0.2431640625 0.125 0.060546875
0 0.220703125 0.310546875 0.12109375 0.06640625
0 0.22265625 0.390625 0.0859375 0.08203125
0 0.216796875 0.4765625 0.140625 0.08984375
0 0.2099609375 0.5693359375 0.142578125 0.087890625
0 0.2080078125 0.6630859375 0.150390625 0.087890625
