0 0.21875 0.0732421875 0.12890625 0.076171875
0 0.216796875 0.15234375 0.125 0.078125
0 0.2197265625 0.2265625 0.119140625 0.05859375
0 0.220703125 0.296875 0.12890625 0.07421875
0 0.2216796875 0.376953125 0.123046875 0.078125
0 0.2197265625 0.4541015625 0.119140625 0.068359375
0 0.0849609375 0.0732421875 0.130859375 0.080078125
0 0.083984375 0.1455078125 0.1171875 0.060546875
0 0.0849609375 0.2177734375 0.134765625 0.080078125
0 0.0849609375 0.2978515625 0.130859375 0.072265625
0 0.0849609375 0.3759765625 0.130859375 0.076171875
0 0.083984375 0.4560546875 0.1328125 0.076171875
0 0.0849609375 0.533203125 0.130859375 0.0703125
0 0.0908203125 0.60546875 0.134765625 0.06640625
0 0.087890625 0.6806640625 0.13671875 0.076171875
0 0.0859375 0.7578125 0.11328125 0.0703125
0 0.0859375 0.833984375 0.12109375 0.0703125
