0 0.0751953125 0.1171875 0.080078125 0.0546875
0 0.1591796875 0.12109375 0.076171875 0.05078125
0 0.2421875 0.119140625 0.07421875 0.05078125
0 0.4130859375 0.1181640625 0.087890625 0.060546875
0 0.4990234375 0.12109375 0.076171875 0.05859375
0 0.5830078125 0.12109375 0.080078125 0.0546875
0 0.09765625 0.2138671875 0.13671875 0.099609375
0 0.2451171875 0.2158203125 0.123046875 0.091796875
0 0.4033203125 0.2158203125 0.138671875 0.091796875
0 0.5595703125 0.212890625 0.126953125 0.09765625
0 0.091796875 0.328125 0.1328125 0.08984375
0 0.2255859375 0.328125 0.123046875 0.0859375
0 0.3642578125 0.32421875 0.126953125 0.09375
0 0.4970703125 0.3291015625 0.119140625 0.095703125
0 0.6259765625 0.32421875 0.130859375 0.09765625
0 0.759765625 0.328125 0.125 0.09375
0 0.8935546875 0.326171875 0.126953125 0.09765625
