0 0.2353515625 0.3076171875 0.138671875 0.103515625
0 0.40625 0.3095703125 0.15234375 0.107421875
0 0.57421875 0.30859375 0.14453125 0.109375
0 0.748046875 0.3076171875 0.171875 0.095703125
0 0.3212890625 0.4404296875 0.166015625 0.119140625
0 0.486328125 0.435546875 0.1484375 0.1015625
0 0.654296875 0.4423828125 0.1484375 0.107421875
0 0.2294921875 0.564453125 0.166015625 0.11328125
0 0.408203125 0.5712890625 0.125 0.123046875
0 0.572265625 0.5673828125 0.15234375 0.111328125
0 0.728515625 0.564453125 0.15625 0.1015625
