0 0.208984375 0.20703125 0.265625 0.19140625
0 0.4921875 0.2060546875 0.265625 0.189453125
0 0.76953125 0.208984375 0.28125 0.1953125
0 0.1787109375 0.3720703125 0.099609375 0.072265625
0 0.2841796875 0.373046875 0.091796875 0.07421875
0 0.39453125 0.3740234375 0.09375 0.072265625
0 0.5009765625 0.3603515625 0.103515625 0.103515625
0 0.642578125 0.36328125 0.16796875 0.109375
0 0.7958984375 0.3720703125 0.115234375 0.083984375
0 0.2529296875 0.4736328125 0.177734375 0.115234375
0 0.412109375 0.47265625 0.140625 0.10546875
0 0.5625 0.4736328125 0.14453125 0.107421875
0 0.7158203125 0.4775390625 0.146484375 0.103515625
