0 0.3046875 0.1337890625 0.1015625 0.080078125
0 0.306640625 0.2080078125 0.1015625 0.064453125
0 0.30078125 0.2822265625 0.11328125 0.076171875
0 0.3037109375 0.365234375 0.091796875 0.078125
0 0.3095703125 0.4521484375 0.111328125 0.087890625
0 0.171875 0.1376953125 0.12109375 0.087890625
0 0.173828125 0.22265625 0.1171875 0.0703125
0 0.177734375 0.296875 0.09765625 0.05859375
0 0.181640625 0.3681640625 0.109375 0.072265625
0 0.1787109375 0.4482421875 0.103515625 0.076171875
0 0.1806640625 0.53125 0.103515625 0.07421875
