0 0.0712890625 0.3701171875 0.126953125 0.095703125
0 0.193359375 0.3701171875 0.12109375 0.087890625
0 0.3134765625 0.3681640625 0.103515625 0.095703125
0 0.4189453125 0.3720703125 0.087890625 0.103515625
0 0.5341796875 0.3662109375 0.146484375 0.099609375
0 0.6689453125 0.365234375 0.119140625 0.09375
0 0.0703125 0.484375 0.12109375 0.08203125
0 0.193359375 0.48046875 0.12109375 0.09765625
0 0.3173828125 0.4794921875 0.111328125 0.083984375
0 0.4306640625 0.478515625 0.119140625 0.09765625
0 0.5615234375 0.4755859375 0.130859375 0.103515625
0 0.6845703125 0.474609375 0.103515625 0.1015625
0 0.8046875 0.47265625 0.1171875 0.09765625
