0 0.1279296875 0.166015625 0.068359375 0.09375
0 0.2001953125 0.16796875 0.072265625 0.1015625
0 0.267578125 0.1669921875 0.0625 0.087890625
0 0.3349609375 0.1669921875 0.068359375 0.099609375
0 0.4033203125 0.1640625 0.072265625 0.09765625
0 0.4765625 0.162109375 0.06640625 0.09765625
0 0.544921875 0.1650390625 0.06640625 0.099609375
0 0.607421875 0.166015625 0.0625 0.08984375
0 0.671875 0.1640625 0.0703125 0.09765625
0 0.7392578125 0.1640625 0.056640625 0.0859375
0 0.8037109375 0.1650390625 0.064453125 0.095703125
0 0.8701171875 0.1708984375 0.072265625 0.072265625
