0 0.1044921875 0.1953125 0.158203125 0.10546875
0 0.2607421875 0.1953125 0.150390625 0.109375
0 0.416015625 0.1953125 0.1484375 0.1015625
0 0.568359375 0.1943359375 0.1484375 0.107421875
0 0.72265625 0.1962890625 0.1484375 0.107421875
0 0.8828125 0.1962890625 0.140625 0.107421875
0 0.3486328125 0.3173828125 0.087890625 0.076171875
0 0.44921875 0.3173828125 0.08203125 0.080078125
0 0.5478515625 0.314453125 0.091796875 0.0703125
0 0.6396484375 0.3212890625 0.083984375 0.072265625
0 0.337890625 0.439453125 0.15234375 0.11328125
0 0.490234375 0.439453125 0.15625 0.109375
0 0.6474609375 0.439453125 0.154296875 0.11328125
