0 0.1533203125 0.0693359375 0.083984375 0.076171875
0 0.2314453125 0.076171875 0.072265625 0.046875
0 0.3154296875 0.0693359375 0.080078125 0.072265625
0 0.4033203125 0.068359375 0.083984375 0.0703125
0 0.49609375 0.068359375 0.0859375 0.07421875
0 0.591796875 0.0703125 0.09765625 0.06640625
0 0.6806640625 0.0625 0.080078125 0.0703125
0 0.7587890625 0.07421875 0.068359375 0.05859375
0 0.2373046875 0.1689453125 0.138671875 0.111328125
0 0.4091796875 0.1669921875 0.150390625 0.107421875
0 0.5849609375 0.1669921875 0.150390625 0.107421875
0 0.7568359375 0.1669921875 0.142578125 0.111328125
