0 0.087890625 0.087890625 0.1484375 0.12109375
0 0.240234375 0.0888671875 0.140625 0.119140625
0 0.37890625 0.087890625 0.1171875 0.07421875
0 0.470703125 0.087890625 0.0546875 0.1171875
0 0.5546875 0.10546875 0.109375 0.05859375
0 0.6728515625 0.0888671875 0.115234375 0.060546875
0 0.7880859375 0.091796875 0.103515625 0.11328125
0 0.890625 0.1005859375 0.06640625 0.091796875
0 0.109375 0.2216796875 0.109375 0.091796875
0 0.220703125 0.2197265625 0.1015625 0.083984375
0 0.3232421875 0.216796875 0.095703125 0.09765625
0 0.42578125 0.2138671875 0.1015625 0.095703125
0 0.5244140625 0.228515625 0.083984375 0.0625
0 0.6240234375 0.21875 0.119140625 0.09375
