0 0.2021484375 0.103515625 0.099609375 0.0703125
0 0.30078125 0.103515625 0.09765625 0.078125
0 0.4013671875 0.107421875 0.095703125 0.07421875
0 0.5029296875 0.1064453125 0.095703125 0.068359375
0 0.603515625 0.1064453125 0.09375 0.072265625
0 0.705078125 0.1083984375 0.09375 0.072265625
0 0.802734375 0.1064453125 0.08984375 0.072265625
0 0.2041015625 0.1865234375 0.103515625 0.068359375
0 0.30859375 0.1865234375 0.09765625 0.068359375
0 0.4091796875 0.1884765625 0.095703125 0.076171875
0 0.5087890625 0.1865234375 0.095703125 0.072265625
0 0.6044921875 0.1904296875 0.076171875 0.064453125
0 0.6953125 0.1875 0.1015625 0.06640625
0 0.7978515625 0.1865234375 0.103515625 0.068359375
0 0.3134765625 0.3876953125 0.283203125 0.193359375
0 0.6845703125 0.380859375 0.291015625 0.1875
