0 0.1435546875 0.0791015625 0.130859375 0.099609375
0 0.3642578125 0.0791015625 0.056640625 0.099609375
0 0.451171875 0.08203125 0.07421875 0.0859375
0 0.5478515625 0.0908203125 0.076171875 0.076171875
0 0.634765625 0.0830078125 0.0859375 0.095703125
0 0.7412109375 0.08203125 0.103515625 0.09765625
0 0.86328125 0.083984375 0.10546875 0.10546875
0 0.208984375 0.1787109375 0.15234375 0.083984375
0 0.3505859375 0.1806640625 0.119140625 0.091796875
0 0.4677734375 0.1806640625 0.072265625 0.091796875
0 0.56640625 0.1806640625 0.109375 0.091796875
0 0.69140625 0.1826171875 0.1171875 0.095703125
0 0.814453125 0.181640625 0.1015625 0.09375
