0 0.90625 0.0517578125 0.11328125 0.076171875
0 0.912109375 0.1259765625 0.08203125 0.072265625
0 0.9091796875 0.1982421875 0.103515625 0.068359375
0 0.9130859375 0.267578125 0.099609375 0.06640625
0 0.9111328125 0.3359375 0.103515625 0.06640625
0 0.91015625 0.4072265625 0.08984375 0.068359375
0 0.9111328125 0.4794921875 0.103515625 0.068359375
0 0.9130859375 0.5556640625 0.107421875 0.076171875
0 0.9130859375 0.6298828125 0.107421875 0.068359375
0 0.916015625 0.69921875 0.078125 0.06640625
0 0.7734375 0.052734375 0.1171875 0.078125
0 0.775390625 0.1328125 0.11328125 0.0703125
0 0.775390625 0.2060546875 0.11328125 0.076171875
0 0.77734375 0.2861328125 0.1171875 0.076171875
