0 0.13671875 0.091796875 0.1953125 0.140625
0 0.3408203125 0.0986328125 0.193359375 0.142578125
0 0.5234375 0.095703125 0.1640625 0.140625
0 0.1240234375 0.2607421875 0.201171875 0.146484375
0 0.326171875 0.2587890625 0.203125 0.138671875
0 0.537109375 0.263671875 0.203125 0.140625
0 0.74609375 0.255859375 0.1953125 0.14453125
0 0.91796875 0.26171875 0.12890625 0.08984375
0 0.0986328125 0.40234375 0.130859375 0.09765625
0 0.2392578125 0.3974609375 0.150390625 0.099609375
0 0.3896484375 0.396484375 0.142578125 0.09765625
0 0.537109375 0.396484375 0.14453125 0.09765625
