0 0.8310546875 0.080078125 0.076171875 0.0859375
0 0.9150390625 0.0771484375 0.064453125 0.095703125
0 0.8740234375 0.1767578125 0.162109375 0.087890625
0 0.8623046875 0.2744140625 0.119140625 0.091796875
0 0.7041015625 0.08203125 0.150390625 0.08984375
0 0.7109375 0.1787109375 0.125 0.091796875
0 0.6982421875 0.275390625 0.154296875 0.0859375
0 0.703125 0.3681640625 0.1171875 0.083984375
0 0.4189453125 0.17578125 0.123046875 0.09375
0 0.43359375 0.2509765625 0.1328125 0.041015625
0 0.4150390625 0.326171875 0.130859375 0.0859375
0 0.259765625 0.177734375 0.15625 0.0859375
0 0.2587890625 0.275390625 0.154296875 0.08984375
0 0.25390625 0.36328125 0.14453125 0.0703125
0 0.25390625 0.458984375 0.14453125 0.08984375
0 0.2548828125 0.5439453125 0.162109375 0.076171875
