0 0.5771484375 0.1611328125 0.126953125 0.080078125
0 0.5751953125 0.2431640625 0.123046875 0.068359375
0 0.576171875 0.322265625 0.1328125 0.07421875
0 0.5732421875 0.3974609375 0.126953125 0.064453125
0 0.419921875 0.1650390625 0.140625 0.072265625
0 0.4228515625 0.2412109375 0.134765625 0.068359375
0 0.4169921875 0.3212890625 0.130859375 0.072265625
0 0.4208984375 0.3974609375 0.130859375 0.068359375
0 0.4208984375 0.4765625 0.111328125 0.07421875
0 0.4208984375 0.5576171875 0.123046875 0.068359375
0 0.419921875 0.6279296875 0.125 0.064453125
