0 0.333984375 0.322265625 0.0625 0.0546875
0 0.396484375 0.322265625 0.0546875 0.0546875
0 0.451171875 0.3291015625 0.0546875 0.044921875
0 0.51171875 0.322265625 0.06640625 0.05078125
0 0.576171875 0.3232421875 0.06640625 0.052734375
0 0.6455078125 0.3232421875 0.068359375 0.056640625
0 0.7080078125 0.3232421875 0.056640625 0.052734375
0 0.7705078125 0.322265625 0.064453125 0.05859375
0 0.8359375 0.3212890625 0.05859375 0.052734375
0 0.5849609375 0.39453125 0.068359375 0.05859375
0 0.6572265625 0.3974609375 0.068359375 0.056640625
0 0.720703125 0.396484375 0.05859375 0.05078125
0 0.7822265625 0.3955078125 0.056640625 0.056640625
0 0.8388671875 0.3935546875 0.052734375 0.052734375
0 0.431640625 0.462890625 0.0625 0.0546875
0 0.482421875 0.466796875 0.04296875 0.046875
0 0.5341796875 0.4736328125 0.048828125 0.037109375
0 0.5849609375 0.462890625 0.056640625 0.05859375
0 0.646484375 0.4638671875 0.0546875 0.052734375
0 0.7041015625 0.462890625 0.064453125 0.0546875
0 0.767578125 0.4619140625 0.06640625 0.056640625
0 0.83203125 0.462890625 0.06640625 0.0625
