0 0.892578125 0.0615234375 0.10546875 0.064453125
0 0.89453125 0.1259765625 0.1171875 0.060546875
0 0.892578125 0.189453125 0.10546875 0.0625
0 0.8916015625 0.2470703125 0.103515625 0.044921875
0 0.779296875 0.0634765625 0.10546875 0.064453125
0 0.779296875 0.12890625 0.09765625 0.0625
0 0.7783203125 0.185546875 0.095703125 0.04296875
0 0.779296875 0.2333984375 0.078125 0.048828125
0 0.77734375 0.2861328125 0.0703125 0.048828125
0 0.7841796875 0.341796875 0.095703125 0.05859375
0 0.6640625 0.0634765625 0.109375 0.064453125
0 0.6640625 0.1279296875 0.109375 0.060546875
0 0.6640625 0.193359375 0.1015625 0.0625
0 0.662109375 0.26171875 0.10546875 0.05859375
