0 0.0595703125 0.0419921875 0.068359375 0.052734375
0 0.1259765625 0.0419921875 0.064453125 0.048828125
0 0.1904296875 0.0419921875 0.064453125 0.048828125
0 0.2626953125 0.041015625 0.072265625 0.046875
0 0.3330078125 0.0390625 0.064453125 0.046875
0 0.400390625 0.0390625 0.06640625 0.046875
0 0.470703125 0.0400390625 0.06640625 0.048828125
0 0.541015625 0.0400390625 0.06640625 0.044921875
0 0.6015625 0.041015625 0.046875 0.046875
0 0.666015625 0.0400390625 0.05859375 0.048828125
0 0.7265625 0.0400390625 0.05078125 0.052734375
0 0.7861328125 0.0380859375 0.056640625 0.048828125
0 0.9208984375 0.0390625 0.064453125 0.05078125
