0 0.2578125 0.056640625 0.16796875 0.10546875
0 0.255859375 0.162109375 0.16015625 0.09765625
0 0.255859375 0.26171875 0.140625 0.09375
0 0.265625 0.3740234375 0.16796875 0.107421875
0 0.26171875 0.482421875 0.16015625 0.08203125
0 0.2587890625 0.5869140625 0.154296875 0.111328125
0 0.08203125 0.0595703125 0.16015625 0.111328125
0 0.083984375 0.177734375 0.1640625 0.109375
0 0.0869140625 0.29296875 0.169921875 0.1171875
0 0.0869140625 0.4150390625 0.169921875 0.111328125
0 0.0849609375 0.5322265625 0.166015625 0.107421875
0 0.083984375 0.654296875 0.1640625 0.11328125
