0 0.1162109375 0.505859375 0.197265625 0.17578125
0 0.30859375 0.5068359375 0.17578125 0.177734375
0 0.5 0.5126953125 0.15625 0.158203125
0 0.6845703125 0.509765625 0.181640625 0.171875
0 0.8818359375 0.5087890625 0.173828125 0.169921875
0 0.3564453125 0.62890625 0.080078125 0.05859375
0 0.435546875 0.638671875 0.0546875 0.05078125
0 0.5048828125 0.62890625 0.076171875 0.0625
0 0.5966796875 0.6298828125 0.076171875 0.060546875
0 0.6787109375 0.62890625 0.076171875 0.0625
0 0.7529296875 0.63671875 0.068359375 0.046875
0 0.8369140625 0.62890625 0.080078125 0.0625
0 0.92578125 0.630859375 0.078125 0.05859375
