0 0.8046875 0.0693359375 0.1484375 0.103515625
0 0.8037109375 0.169921875 0.150390625 0.08984375
0 0.798828125 0.2666015625 0.1484375 0.095703125
0 0.8017578125 0.3642578125 0.142578125 0.099609375
0 0.7998046875 0.447265625 0.138671875 0.05859375
0 0.80078125 0.5234375 0.125 0.08203125
0 0.798828125 0.6025390625 0.12109375 0.072265625
0 0.796875 0.671875 0.109375 0.0546875
0 0.6044921875 0.0849609375 0.201171875 0.146484375
0 0.60546875 0.23046875 0.21875 0.1328125
0 0.615234375 0.373046875 0.23046875 0.1328125
0 0.6123046875 0.513671875 0.205078125 0.125
0 0.3798828125 0.0859375 0.212890625 0.14453125
0 0.3798828125 0.2216796875 0.208984375 0.123046875
0 0.3916015625 0.326171875 0.146484375 0.07421875
0 0.380859375 0.431640625 0.22265625 0.1328125
0 0.390625 0.53515625 0.16796875 0.07421875
0 0.3857421875 0.6416015625 0.201171875 0.142578125
