0 0.330078125 0.1220703125 0.140625 0.099609375
0 0.470703125 0.125 0.13671875 0.09375
0 0.611328125 0.126953125 0.12890625 0.08984375
0 0.140625 0.2607421875 0.19140625 0.162109375
0 0.3544921875 0.26171875 0.228515625 0.15625
0 0.5693359375 0.259765625 0.193359375 0.1640625
0 0.763671875 0.26171875 0.1953125 0.15234375
0 0.134765625 0.4326171875 0.234375 0.162109375
0 0.3759765625 0.4306640625 0.224609375 0.158203125
0 0.6083984375 0.4296875 0.224609375 0.16015625
0 0.8466796875 0.431640625 0.224609375 0.16015625
