0 0.1181640625 0.0654296875 0.158203125 0.119140625
0 0.263671875 0.0810546875 0.12109375 0.091796875
0 0.3984375 0.0810546875 0.14453125 0.091796875
0 0.5322265625 0.091796875 0.119140625 0.07421875
0 0.134765625 0.1728515625 0.1640625 0.099609375
0 0.26953125 0.1884765625 0.09765625 0.080078125
0 0.3828125 0.1708984375 0.12890625 0.072265625
0 0.5107421875 0.1748046875 0.115234375 0.072265625
0 0.1552734375 0.3408203125 0.291015625 0.212890625
0 0.4560546875 0.3427734375 0.287109375 0.205078125
0 0.6865234375 0.3583984375 0.158203125 0.111328125
0 0.87890625 0.357421875 0.21875 0.14453125
