0 0.857421875 0.0908203125 0.18359375 0.126953125
0 0.8603515625 0.2197265625 0.189453125 0.115234375
0 0.8603515625 0.34765625 0.201171875 0.12109375
0 0.8662109375 0.4775390625 0.181640625 0.126953125
0 0.8603515625 0.60546875 0.146484375 0.12109375
0 0.6455078125 0.138671875 0.197265625 0.12890625
0 0.646484375 0.26953125 0.1796875 0.125
0 0.6484375 0.3984375 0.12109375 0.13671875
0 0.458984375 0.2265625 0.1640625 0.1171875
0 0.4609375 0.3505859375 0.12109375 0.123046875
0 0.453125 0.4755859375 0.16796875 0.119140625
0 0.458984375 0.5869140625 0.1796875 0.083984375
