0 0.8857421875 0.0830078125 0.212890625 0.130859375
0 0.8798828125 0.2041015625 0.201171875 0.087890625
0 0.8720703125 0.3271484375 0.146484375 0.138671875
0 0.6494140625 0.0771484375 0.220703125 0.134765625
0 0.640625 0.1982421875 0.19140625 0.083984375
0 0.654296875 0.4462890625 0.25 0.080078125
0 0.6533203125 0.55078125 0.251953125 0.1015625
0 0.4033203125 0.0830078125 0.224609375 0.146484375
0 0.404296875 0.2333984375 0.2265625 0.130859375
0 0.3994140625 0.376953125 0.232421875 0.140625
0 0.39453125 0.5244140625 0.2421875 0.150390625
0 0.3916015625 0.6611328125 0.212890625 0.107421875
0 0.1318359375 0.083984375 0.244140625 0.15234375
0 0.13671875 0.232421875 0.1953125 0.140625
