0 0.08203125 0.205078125 0.1015625 0.08984375
0 0.1796875 0.203125 0.08984375 0.0859375
0 0.2724609375 0.205078125 0.091796875 0.0859375
0 0.3623046875 0.201171875 0.083984375 0.0703125
0 0.4443359375 0.2041015625 0.072265625 0.080078125
0 0.517578125 0.2021484375 0.07421875 0.083984375
0 0.58984375 0.2041015625 0.0625 0.087890625
0 0.6591796875 0.205078125 0.068359375 0.07421875
0 0.73828125 0.205078125 0.08203125 0.0625
0 0.818359375 0.2080078125 0.078125 0.087890625
0 0.8994140625 0.2060546875 0.080078125 0.080078125
