0 0.0849609375 0.0673828125 0.119140625 0.083984375
0 0.201171875 0.0693359375 0.1015625 0.083984375
0 0.3076171875 0.068359375 0.095703125 0.0859375
0 0.419921875 0.0703125 0.109375 0.08203125
0 0.525390625 0.076171875 0.078125 0.0703125
0 0.625 0.0673828125 0.1171875 0.087890625
0 0.748046875 0.0703125 0.125 0.07421875
0 0.126953125 0.1923828125 0.21875 0.158203125
0 0.345703125 0.1962890625 0.20703125 0.158203125
0 0.609375 0.1923828125 0.20703125 0.154296875
0 0.8291015625 0.1884765625 0.205078125 0.158203125
0 0.15625 0.41015625 0.27734375 0.265625
0 0.5341796875 0.3916015625 0.240234375 0.216796875
