0 0.078125 0.1181640625 0.08984375 0.064453125
0 0.1689453125 0.1201171875 0.083984375 0.060546875
0 0.259765625 0.119140625 0.0859375 0.05859375
0 0.34765625 0.12109375 0.078125 0.0625
0 0.431640625 0.119140625 0.0703125 0.05859375
0 0.5078125 0.1201171875 0.05859375 0.068359375
0 0.095703125 0.208984375 0.13671875 0.09765625
0 0.2314453125 0.2109375 0.119140625 0.10546875
0 0.3603515625 0.208984375 0.123046875 0.09375
0 0.490234375 0.2080078125 0.13671875 0.099609375
0 0.623046875 0.2109375 0.125 0.10546875
0 0.751953125 0.2109375 0.12890625 0.10546875
0 0.8876953125 0.2109375 0.130859375 0.10546875
