0 0.150390625 0.078125 0.12109375 0.1015625
0 0.287109375 0.0751953125 0.1328125 0.099609375
0 0.4296875 0.0751953125 0.1328125 0.083984375
0 0.580078125 0.0732421875 0.13671875 0.087890625
0 0.720703125 0.076171875 0.125 0.09765625
0 0.8388671875 0.072265625 0.095703125 0.10546875
0 0.1787109375 0.2568359375 0.333984375 0.240234375
0 0.4921875 0.2548828125 0.26953125 0.240234375
0 0.8212890625 0.26171875 0.310546875 0.21875
0 0.1767578125 0.513671875 0.337890625 0.25
0 0.5126953125 0.517578125 0.283203125 0.2578125
0 0.8095703125 0.4990234375 0.275390625 0.220703125
