0 0.1220703125 0.0546875 0.095703125 0.06640625
0 0.216796875 0.0556640625 0.0859375 0.064453125
0 0.3076171875 0.0556640625 0.087890625 0.064453125
0 0.388671875 0.0556640625 0.0703125 0.064453125
0 0.4755859375 0.0576171875 0.091796875 0.056640625
0 0.5634765625 0.0595703125 0.083984375 0.052734375
0 0.1103515625 0.1259765625 0.099609375 0.060546875
0 0.20703125 0.126953125 0.09375 0.05859375
0 0.3017578125 0.1259765625 0.091796875 0.060546875
0 0.3935546875 0.125 0.087890625 0.0625
0 0.482421875 0.125 0.08984375 0.0625
0 0.57421875 0.126953125 0.08984375 0.0625
