0 0.244140625 0.0751953125 0.09765625 0.107421875
0 0.2392578125 0.181640625 0.099609375 0.09765625
0 0.2412109375 0.2705078125 0.150390625 0.080078125
0 0.24609375 0.3701171875 0.171875 0.107421875
0 0.2470703125 0.4833984375 0.169921875 0.115234375
0 0.244140625 0.5869140625 0.11328125 0.068359375
0 0.0859375 0.072265625 0.14453125 0.1015625
0 0.083984375 0.1591796875 0.109375 0.060546875
0 0.0849609375 0.2451171875 0.154296875 0.087890625
0 0.0859375 0.3818359375 0.1328125 0.099609375
0 0.0859375 0.474609375 0.109375 0.08203125
0 0.080078125 0.552734375 0.109375 0.0625
0 0.087890625 0.6376953125 0.140625 0.095703125
