0 0.2099609375 0.115234375 0.294921875 0.18359375
0 0.51171875 0.11328125 0.26953125 0.18359375
0 0.791015625 0.1142578125 0.265625 0.181640625
0 0.1953125 0.2431640625 0.0703125 0.052734375
0 0.26953125 0.2431640625 0.0703125 0.052734375
0 0.345703125 0.2470703125 0.0625 0.056640625
0 0.41796875 0.2451171875 0.06640625 0.052734375
0 0.4921875 0.24609375 0.0703125 0.0546875
0 0.5693359375 0.2451171875 0.076171875 0.052734375
0 0.6845703125 0.248046875 0.076171875 0.05859375
0 0.74609375 0.25390625 0.0390625 0.03125
0 0.134765625 0.345703125 0.1875 0.109375
0 0.3125 0.345703125 0.16015625 0.109375
0 0.4892578125 0.3505859375 0.169921875 0.103515625
0 0.666015625 0.34765625 0.16015625 0.10546875
0 0.849609375 0.34765625 0.17578125 0.11328125
0 0.146484375 0.4658203125 0.2109375 0.119140625
0 0.359375 0.46875 0.203125 0.125
0 0.5771484375 0.46875 0.208984375 0.125
