0 0.1123046875 0.1484375 0.173828125 0.12109375
0 0.294921875 0.1484375 0.1796875 0.11328125
0 0.47265625 0.1484375 0.171875 0.11328125
0 0.6494140625 0.1494140625 0.158203125 0.115234375
0 0.1083984375 0.2744140625 0.166015625 0.119140625
0 0.2861328125 0.2783203125 0.181640625 0.115234375
0 0.4677734375 0.27734375 0.169921875 0.109375
0 0.0908203125 0.3935546875 0.130859375 0.083984375
0 0.22265625 0.3916015625 0.12109375 0.087890625
0 0.349609375 0.392578125 0.125 0.08984375
0 0.4775390625 0.3935546875 0.126953125 0.091796875
