0 0.2353515625 0.2890625 0.068359375 0.0625
0 0.291015625 0.294921875 0.046875 0.046875
0 0.3486328125 0.2861328125 0.060546875 0.056640625
0 0.41015625 0.291015625 0.05859375 0.05859375
0 0.48046875 0.291015625 0.06640625 0.05859375
0 0.5869140625 0.3173828125 0.052734375 0.033203125
0 0.2421875 0.4111328125 0.09375 0.111328125
0 0.3818359375 0.4111328125 0.095703125 0.111328125
0 0.474609375 0.412109375 0.08984375 0.11328125
0 0.5673828125 0.4130859375 0.091796875 0.111328125
0 0.66015625 0.4130859375 0.0859375 0.115234375
0 0.7548828125 0.4140625 0.087890625 0.1171875
