0 0.865234375 0.095703125 0.09375 0.0703125
0 0.869140625 0.1640625 0.11328125 0.06640625
0 0.869140625 0.224609375 0.05859375 0.0546875
0 0.87890625 0.27734375 0.06640625 0.0390625
0 0.8740234375 0.330078125 0.087890625 0.05859375
0 0.8798828125 0.45703125 0.060546875 0.0625
0 0.759765625 0.095703125 0.10546875 0.0625
0 0.7587890625 0.1513671875 0.095703125 0.044921875
0 0.755859375 0.205078125 0.0859375 0.0546875
0 0.7626953125 0.2666015625 0.087890625 0.060546875
0 0.7568359375 0.3349609375 0.099609375 0.068359375
0 0.7626953125 0.4033203125 0.099609375 0.064453125
0 0.7646484375 0.462890625 0.087890625 0.05078125
0 0.765625 0.5244140625 0.109375 0.068359375
0 0.763671875 0.5966796875 0.1015625 0.072265625
