0 0.1435546875 0.1572265625 0.107421875 0.072265625
0 0.2470703125 0.16015625 0.080078125 0.0703125
0 0.349609375 0.15625 0.08984375 0.0703125
0 0.4482421875 0.1591796875 0.095703125 0.072265625
0 0.5546875 0.154296875 0.09375 0.06640625
0 0.6552734375 0.1533203125 0.091796875 0.064453125
0 0.755859375 0.1552734375 0.09765625 0.072265625
0 0.857421875 0.1552734375 0.0859375 0.068359375
0 0.2548828125 0.2353515625 0.103515625 0.064453125
0 0.357421875 0.236328125 0.0859375 0.0703125
0 0.453125 0.2353515625 0.10546875 0.072265625
0 0.556640625 0.2314453125 0.0859375 0.068359375
0 0.6572265625 0.2333984375 0.103515625 0.072265625
0 0.7607421875 0.234375 0.091796875 0.06640625
