0 0.06640625 0.0732421875 0.1015625 0.064453125
0 0.15234375 0.07421875 0.0625 0.06640625
0 0.2294921875 0.07421875 0.080078125 0.0625
0 0.3056640625 0.0791015625 0.064453125 0.052734375
0 0.3837890625 0.0751953125 0.091796875 0.068359375
0 0.5166015625 0.0703125 0.123046875 0.09765625
0 0.6435546875 0.0712890625 0.123046875 0.095703125
0 0.767578125 0.072265625 0.1171875 0.09765625
0 0.8935546875 0.0732421875 0.119140625 0.099609375
0 0.5166015625 0.1923828125 0.130859375 0.095703125
0 0.646484375 0.19140625 0.125 0.09765625
