0 0.052734375 0.0849609375 0.08984375 0.134765625
0 0.1533203125 0.0830078125 0.103515625 0.134765625
0 0.26171875 0.0810546875 0.09765625 0.130859375
0 0.369140625 0.0791015625 0.09765625 0.146484375
0 0.4697265625 0.076171875 0.087890625 0.13671875
0 0.5703125 0.0771484375 0.10546875 0.123046875
0 0.66796875 0.08984375 0.08203125 0.10546875
0 0.755859375 0.0791015625 0.08203125 0.142578125
0 0.8388671875 0.0966796875 0.080078125 0.107421875
0 0.0595703125 0.21875 0.083984375 0.11328125
0 0.1552734375 0.2119140625 0.091796875 0.115234375
0 0.2529296875 0.2177734375 0.091796875 0.115234375
0 0.3515625 0.216796875 0.08984375 0.12109375
0 0.451171875 0.2158203125 0.08984375 0.119140625
0 0.54296875 0.2236328125 0.078125 0.080078125
0 0.6376953125 0.2099609375 0.087890625 0.123046875
0 0.736328125 0.2138671875 0.09765625 0.123046875
0 0.05859375 0.33984375 0.08984375 0.109375
0 0.154296875 0.3369140625 0.0859375 0.111328125
0 0.2490234375 0.337890625 0.083984375 0.11328125
0 0.3427734375 0.3369140625 0.091796875 0.111328125
0 0.439453125 0.337890625 0.09765625 0.10546875
0 0.5439453125 0.33984375 0.099609375 0.125
0 0.0576171875 0.4609375 0.107421875 0.12109375
0 0.1650390625 0.4599609375 0.099609375 0.130859375
0 0.2626953125 0.4609375 0.087890625 0.11328125
0 0.3603515625 0.4560546875 0.095703125 0.123046875
0 0.4560546875 0.46875 0.076171875 0.08984375
0 0.552734375 0.462890625 0.08984375 0.11328125
0 0.654296875 0.458984375 0.1015625 0.12109375
0 0.0576171875 0.931640625 0.087890625 0.09765625
0 0.1396484375 0.9296875 0.068359375 0.09375
0 0.21875 0.9296875 0.078125 0.09375
0 0.2998046875 0.9326171875 0.080078125 0.099609375
0 0.3876953125 0.9306640625 0.087890625 0.107421875
0 0.470703125 0.939453125 0.0703125 0.08203125
0 0.5517578125 0.93359375 0.083984375 0.109375
0 0.642578125 0.9326171875 0.08203125 0.107421875
0 0.724609375 0.931640625 0.0703125 0.1015625
0 0.8056640625 0.9287109375 0.076171875 0.103515625
0 0.9580078125 0.9306640625 0.060546875 0.107421875
