0 0.8798828125 0.083984375 0.107421875 0.10546875
0 0.884765625 0.19140625 0.140625 0.1015625
0 0.8837890625 0.3037109375 0.130859375 0.107421875
0 0.6953125 0.0830078125 0.15625 0.099609375
0 0.6953125 0.1953125 0.14453125 0.10546875
0 0.712890625 0.296875 0.125 0.078125
0 0.705078125 0.3955078125 0.15234375 0.099609375
0 0.703125 0.5009765625 0.171875 0.087890625
0 0.5107421875 0.0849609375 0.115234375 0.107421875
0 0.5048828125 0.2001953125 0.130859375 0.099609375
0 0.509765625 0.2998046875 0.14453125 0.083984375
0 0.5244140625 0.3818359375 0.115234375 0.052734375
0 0.5048828125 0.46875 0.130859375 0.10546875
