0 0.087890625 0.1533203125 0.10546875 0.068359375
0 0.173828125 0.162109375 0.0625 0.04296875
0 0.2548828125 0.1552734375 0.087890625 0.060546875
0 0.34375 0.15625 0.0859375 0.0625
0 0.43359375 0.1552734375 0.078125 0.064453125
0 0.5283203125 0.1552734375 0.091796875 0.056640625
0 0.1376953125 0.275390625 0.240234375 0.1640625
0 0.3779296875 0.279296875 0.212890625 0.16796875
0 0.623046875 0.2802734375 0.2265625 0.150390625
0 0.861328125 0.2822265625 0.22265625 0.146484375
0 0.7177734375 0.4326171875 0.154296875 0.115234375
0 0.9033203125 0.4296875 0.173828125 0.109375
