0 0.904296875 0.0654296875 0.1171875 0.068359375
0 0.896484375 0.1396484375 0.09765625 0.064453125
0 0.90234375 0.2080078125 0.1015625 0.060546875
0 0.900390625 0.2783203125 0.10546875 0.064453125
0 0.904296875 0.3544921875 0.1171875 0.072265625
0 0.73828125 0.0927734375 0.18359375 0.123046875
0 0.7421875 0.2216796875 0.1796875 0.123046875
0 0.7333984375 0.3447265625 0.162109375 0.107421875
0 0.73828125 0.4697265625 0.18359375 0.126953125
0 0.7353515625 0.58984375 0.189453125 0.09375
0 0.5341796875 0.0966796875 0.177734375 0.123046875
0 0.544921875 0.2255859375 0.19140625 0.123046875
0 0.5390625 0.3564453125 0.16796875 0.119140625
