0 0.1943359375 0.1337890625 0.091796875 0.080078125
0 0.2685546875 0.13671875 0.048828125 0.078125
0 0.34375 0.134765625 0.09375 0.08203125
0 0.4375 0.1376953125 0.09375 0.087890625
0 0.5361328125 0.138671875 0.091796875 0.08203125
0 0.6328125 0.134765625 0.09375 0.08203125
0 0.7314453125 0.1357421875 0.095703125 0.083984375
0 0.833984375 0.1376953125 0.09765625 0.080078125
0 0.298828125 0.248046875 0.13671875 0.09765625
0 0.4423828125 0.25 0.134765625 0.09765625
0 0.5849609375 0.25 0.138671875 0.09765625
0 0.7275390625 0.248046875 0.130859375 0.09765625
0 0.1494140625 0.3642578125 0.138671875 0.091796875
0 0.298828125 0.3662109375 0.140625 0.099609375
0 0.4384765625 0.3642578125 0.126953125 0.087890625
0 0.5791015625 0.3671875 0.134765625 0.08984375
0 0.724609375 0.3662109375 0.125 0.091796875
0 0.873046875 0.369140625 0.109375 0.08984375
