0 0.125 0.130859375 0.06640625 0.05078125
0 0.1953125 0.1298828125 0.06640625 0.052734375
0 0.26953125 0.1279296875 0.06640625 0.052734375
0 0.3388671875 0.1279296875 0.064453125 0.052734375
0 0.4111328125 0.1279296875 0.072265625 0.044921875
0 0.474609375 0.12890625 0.0546875 0.05078125
0 0.537109375 0.126953125 0.0703125 0.05078125
0 0.6123046875 0.1259765625 0.076171875 0.048828125
0 0.69140625 0.1259765625 0.0703125 0.048828125
0 0.76953125 0.126953125 0.078125 0.0546875
0 0.849609375 0.126953125 0.07421875 0.03515625
