0 0.1171875 0.0830078125 0.0625 0.064453125
0 0.17578125 0.0927734375 0.05078125 0.052734375
0 0.236328125 0.0849609375 0.05859375 0.076171875
0 0.2978515625 0.080078125 0.056640625 0.06640625
0 0.3525390625 0.0869140625 0.041015625 0.056640625
0 0.4072265625 0.08203125 0.052734375 0.06640625
0 0.46875 0.0888671875 0.0546875 0.052734375
0 0.5283203125 0.0771484375 0.052734375 0.072265625
0 0.5859375 0.0859375 0.046875 0.05078125
0 0.646484375 0.0771484375 0.05078125 0.072265625
0 0.7080078125 0.0810546875 0.052734375 0.072265625
0 0.76953125 0.078125 0.05859375 0.06640625
0 0.828125 0.0810546875 0.0546875 0.068359375
0 0.890625 0.080078125 0.0546875 0.0703125
