0 0.583984375 0.2666015625 0.06640625 0.048828125
0 0.654296875 0.263671875 0.06640625 0.05078125
0 0.7236328125 0.265625 0.060546875 0.046875
0 0.7900390625 0.2646484375 0.064453125 0.048828125
0 0.861328125 0.263671875 0.06640625 0.0546875
0 0.9326171875 0.2646484375 0.064453125 0.048828125
0 0.2998046875 0.3369140625 0.095703125 0.080078125
0 0.396484375 0.3349609375 0.08984375 0.072265625
0 0.494140625 0.3349609375 0.08203125 0.068359375
0 0.5849609375 0.3330078125 0.080078125 0.060546875
0 0.669921875 0.333984375 0.06640625 0.07421875
0 0.7509765625 0.33203125 0.083984375 0.07421875
0 0.8349609375 0.3388671875 0.072265625 0.056640625
0 0.9150390625 0.3349609375 0.072265625 0.076171875
0 0.6728515625 0.412109375 0.080078125 0.0625
0 0.7578125 0.416015625 0.078125 0.0703125
0 0.8408203125 0.4130859375 0.072265625 0.064453125
0 0.9228515625 0.416015625 0.072265625 0.06640625
