0 0.1337890625 0.0830078125 0.181640625 0.123046875
0 0.3271484375 0.083984375 0.169921875 0.12109375
0 0.466796875 0.1083984375 0.0625 0.072265625
0 0.5390625 0.1083984375 0.0703125 0.072265625
0 0.6103515625 0.109375 0.064453125 0.07421875
0 0.6806640625 0.1083984375 0.060546875 0.076171875
0 0.7666015625 0.111328125 0.099609375 0.078125
0 0.875 0.11328125 0.10546875 0.078125
0 0.2021484375 0.265625 0.283203125 0.19921875
0 0.5 0.265625 0.26953125 0.20703125
0 0.7890625 0.26953125 0.27734375 0.20703125
