0 0.087890625 0.103515625 0.1171875 0.0859375
0 0.20703125 0.10546875 0.11328125 0.08984375
0 0.322265625 0.103515625 0.1171875 0.08203125
0 0.4404296875 0.1064453125 0.111328125 0.083984375
0 0.55078125 0.1083984375 0.10546875 0.087890625
0 0.6728515625 0.107421875 0.095703125 0.08203125
0 0.7822265625 0.1083984375 0.119140625 0.083984375
0 0.0927734375 0.2119140625 0.119140625 0.087890625
0 0.2109375 0.212890625 0.109375 0.0859375
0 0.3125 0.2119140625 0.0859375 0.056640625
0 0.4638671875 0.2138671875 0.115234375 0.087890625
0 0.5791015625 0.212890625 0.111328125 0.0859375
0 0.6953125 0.21484375 0.11328125 0.09375
0 0.80859375 0.2119140625 0.1171875 0.083984375
