0 0.0546875 0.1591796875 0.1015625 0.134765625
0 0.166015625 0.15625 0.1015625 0.13671875
0 0.2861328125 0.1591796875 0.119140625 0.126953125
0 0.416015625 0.146484375 0.125 0.140625
0 0.5546875 0.1572265625 0.08984375 0.123046875
0 0.673828125 0.15625 0.12109375 0.12109375
0 0.783203125 0.1767578125 0.0859375 0.091796875
0 0.8935546875 0.1572265625 0.119140625 0.119140625
0 0.4130859375 0.291015625 0.154296875 0.12109375
0 0.57421875 0.291015625 0.15625 0.12109375
0 0.30859375 0.396484375 0.1015625 0.06640625
0 0.4072265625 0.3955078125 0.091796875 0.068359375
0 0.49609375 0.3994140625 0.06640625 0.052734375
0 0.5810546875 0.3955078125 0.091796875 0.064453125
0 0.6787109375 0.3955078125 0.091796875 0.068359375
