0 0.119140625 0.1162109375 0.1171875 0.091796875
0 0.236328125 0.115234375 0.10546875 0.09375
0 0.3525390625 0.1162109375 0.107421875 0.087890625
0 0.10546875 0.2236328125 0.08984375 0.091796875
0 0.2138671875 0.2216796875 0.099609375 0.091796875
0 0.326171875 0.2255859375 0.1171875 0.099609375
0 0.4453125 0.2216796875 0.1015625 0.095703125
0 0.5576171875 0.224609375 0.107421875 0.08984375
0 0.662109375 0.228515625 0.08984375 0.08203125
0 0.7705078125 0.224609375 0.115234375 0.09765625
0 0.8876953125 0.2236328125 0.111328125 0.095703125
