0 0.0966796875 0.236328125 0.169921875 0.1328125
0 0.30078125 0.2421875 0.1328125 0.11328125
0 0.4482421875 0.2421875 0.142578125 0.109375
0 0.6005859375 0.2412109375 0.146484375 0.115234375
0 0.7216796875 0.263671875 0.083984375 0.06640625
0 0.837890625 0.2431640625 0.1484375 0.115234375
0 0.9560546875 0.2734375 0.072265625 0.05859375
0 0.1015625 0.380859375 0.1875 0.12890625
0 0.2431640625 0.3974609375 0.095703125 0.068359375
0 0.38671875 0.380859375 0.171875 0.1171875
0 0.6123046875 0.384765625 0.185546875 0.125
0 0.7587890625 0.400390625 0.091796875 0.0703125
0 0.904296875 0.38671875 0.1875 0.1171875
