0 0.154296875 0.146484375 0.1484375 0.10546875
0 0.3125 0.1455078125 0.13671875 0.103515625
0 0.154296875 0.2568359375 0.1484375 0.103515625
0 0.310546875 0.2607421875 0.1484375 0.111328125
0 0.46484375 0.2607421875 0.140625 0.107421875
0 0.6181640625 0.26171875 0.150390625 0.109375
0 0.1357421875 0.3642578125 0.126953125 0.087890625
0 0.2607421875 0.3671875 0.111328125 0.08984375
0 0.3857421875 0.3671875 0.126953125 0.08984375
0 0.5126953125 0.369140625 0.119140625 0.09375
0 0.6298828125 0.3701171875 0.111328125 0.087890625
0 0.7578125 0.3720703125 0.1171875 0.091796875
