0 0.84375 0.064453125 0.12890625 0.08984375
0 0.8466796875 0.1474609375 0.111328125 0.072265625
0 0.845703125 0.2412109375 0.16015625 0.111328125
0 0.849609375 0.3544921875 0.15625 0.107421875
0 0.849609375 0.4619140625 0.16796875 0.099609375
0 0.849609375 0.5576171875 0.12109375 0.083984375
0 0.69140625 0.1669921875 0.13671875 0.103515625
0 0.7001953125 0.2646484375 0.119140625 0.083984375
0 0.7001953125 0.357421875 0.107421875 0.0859375
0 0.6953125 0.4453125 0.125 0.078125
0 0.6953125 0.5341796875 0.12890625 0.080078125
0 0.5615234375 0.22265625 0.111328125 0.08984375
0 0.5673828125 0.3134765625 0.126953125 0.076171875
0 0.564453125 0.400390625 0.1171875 0.08203125
0 0.5693359375 0.4892578125 0.103515625 0.087890625
