0 0.1796875 0.1806640625 0.16796875 0.107421875
0 0.35546875 0.1806640625 0.15625 0.111328125
0 0.5302734375 0.1826171875 0.173828125 0.111328125
0 0.708984375 0.18359375 0.16796875 0.1171875
0 0.8515625 0.1953125 0.10546875 0.0859375
0 0.3388671875 0.30078125 0.173828125 0.1171875
0 0.521484375 0.3056640625 0.16796875 0.115234375
0 0.6728515625 0.3134765625 0.107421875 0.076171875
0 0.150390625 0.4111328125 0.11328125 0.087890625
0 0.2509765625 0.4091796875 0.076171875 0.091796875
0 0.3505859375 0.4111328125 0.111328125 0.087890625
0 0.4892578125 0.412109375 0.107421875 0.0859375
0 0.615234375 0.41015625 0.12109375 0.0859375
0 0.724609375 0.4091796875 0.08984375 0.087890625
0 0.837890625 0.412109375 0.12109375 0.09375
