0 0.099609375 0.103515625 0.16796875 0.12109375
0 0.267578125 0.1044921875 0.16796875 0.123046875
0 0.435546875 0.107421875 0.1640625 0.12109375
0 0.6064453125 0.107421875 0.169921875 0.12109375
0 0.1005859375 0.23046875 0.162109375 0.1171875
0 0.26953125 0.2314453125 0.171875 0.123046875
0 0.4365234375 0.228515625 0.162109375 0.109375
0 0.7626953125 0.2294921875 0.146484375 0.115234375
0 0.9052734375 0.2431640625 0.111328125 0.087890625
0 0.095703125 0.35546875 0.171875 0.11328125
0 0.263671875 0.357421875 0.16015625 0.125
0 0.4072265625 0.3681640625 0.107421875 0.091796875
0 0.544921875 0.3564453125 0.1640625 0.123046875
0 0.7216796875 0.3583984375 0.169921875 0.130859375
