0 0.119140625 0.2177734375 0.21875 0.193359375
0 0.345703125 0.2177734375 0.21875 0.193359375
0 0.6396484375 0.21875 0.224609375 0.18359375
0 0.8662109375 0.2197265625 0.197265625 0.181640625
0 0.0947265625 0.375 0.142578125 0.08984375
0 0.248046875 0.3740234375 0.15234375 0.107421875
0 0.3955078125 0.3740234375 0.134765625 0.095703125
0 0.5400390625 0.376953125 0.142578125 0.1015625
0 0.689453125 0.373046875 0.12890625 0.1015625
0 0.0810546875 0.4794921875 0.142578125 0.091796875
0 0.2275390625 0.4794921875 0.126953125 0.091796875
0 0.349609375 0.484375 0.1015625 0.09765625
0 0.4873046875 0.4853515625 0.154296875 0.107421875
