0 0.8623046875 0.087890625 0.091796875 0.07421875
0 0.861328125 0.1640625 0.09765625 0.07421875
0 0.861328125 0.2392578125 0.09765625 0.072265625
0 0.8603515625 0.3154296875 0.095703125 0.076171875
0 0.861328125 0.390625 0.109375 0.0703125
0 0.8603515625 0.466796875 0.099609375 0.0703125
0 0.861328125 0.5390625 0.11328125 0.07421875
0 0.677734375 0.1259765625 0.203125 0.146484375
0 0.6748046875 0.2783203125 0.216796875 0.146484375
0 0.6787109375 0.4306640625 0.208984375 0.142578125
0 0.6748046875 0.5771484375 0.193359375 0.130859375
0 0.390625 0.1171875 0.109375 0.1328125
0 0.4931640625 0.12109375 0.080078125 0.1328125
0 0.4306640625 0.2724609375 0.220703125 0.150390625
0 0.4345703125 0.42578125 0.212890625 0.1484375
0 0.4306640625 0.564453125 0.205078125 0.12890625
0 0.4296875 0.70703125 0.2109375 0.1484375
0 0.4306640625 0.8583984375 0.220703125 0.142578125
