0 0.15625 0.1904296875 0.10546875 0.119140625
0 0.2744140625 0.19140625 0.111328125 0.1171875
0 0.392578125 0.1904296875 0.11328125 0.119140625
0 0.513671875 0.1875 0.109375 0.11328125
0 0.6337890625 0.1904296875 0.115234375 0.119140625
0 0.75390625 0.1923828125 0.109375 0.119140625
0 0.1513671875 0.3173828125 0.123046875 0.119140625
0 0.275390625 0.31640625 0.11328125 0.1171875
0 0.396484375 0.318359375 0.10546875 0.1171875
0 0.515625 0.3193359375 0.11328125 0.126953125
0 0.63671875 0.3193359375 0.11328125 0.119140625
