0 0.81640625 0.1123046875 0.30078125 0.193359375
0 0.8212890625 0.3310546875 0.306640625 0.205078125
0 0.826171875 0.5537109375 0.31640625 0.201171875
0 0.46875 0.0888671875 0.12109375 0.130859375
0 0.5859375 0.0888671875 0.08984375 0.134765625
0 0.5224609375 0.240234375 0.220703125 0.14453125
0 0.51953125 0.4072265625 0.23828125 0.150390625
0 0.5185546875 0.5712890625 0.228515625 0.154296875
0 0.2490234375 0.0927734375 0.267578125 0.177734375
0 0.2509765625 0.2822265625 0.255859375 0.181640625
0 0.2568359375 0.47265625 0.255859375 0.18359375
0 0.2529296875 0.6611328125 0.248046875 0.177734375
