0 0.212890625 0.1435546875 0.109375 0.076171875
0 0.32421875 0.14453125 0.0859375 0.078125
0 0.4296875 0.142578125 0.1015625 0.08203125
0 0.65234375 0.1435546875 0.1171875 0.080078125
0 0.7705078125 0.142578125 0.103515625 0.08203125
0 0.11328125 0.2412109375 0.109375 0.080078125
0 0.2333984375 0.2412109375 0.115234375 0.080078125
0 0.3486328125 0.2412109375 0.107421875 0.080078125
0 0.4599609375 0.2392578125 0.103515625 0.076171875
0 0.5654296875 0.240234375 0.087890625 0.08203125
0 0.6689453125 0.236328125 0.107421875 0.078125
0 0.76953125 0.248046875 0.09375 0.0625
0 0.873046875 0.2373046875 0.1015625 0.076171875
