0 0.2451171875 0.298828125 0.115234375 0.109375
0 0.361328125 0.302734375 0.109375 0.0703125
0 0.626953125 0.2880859375 0.11328125 0.076171875
0 0.7529296875 0.3017578125 0.115234375 0.087890625
0 0.2705078125 0.4169921875 0.150390625 0.123046875
0 0.419921875 0.4130859375 0.13671875 0.115234375
0 0.5634765625 0.4130859375 0.134765625 0.115234375
0 0.7109375 0.4150390625 0.13671875 0.119140625
0 0.296875 0.5166015625 0.08203125 0.052734375
0 0.376953125 0.5146484375 0.07421875 0.056640625
0 0.4560546875 0.515625 0.072265625 0.0546875
0 0.5361328125 0.515625 0.076171875 0.0546875
0 0.6181640625 0.513671875 0.076171875 0.0546875
0 0.6953125 0.515625 0.0703125 0.0546875
