0 0.068359375 0.0556640625 0.08984375 0.076171875
0 0.1787109375 0.056640625 0.107421875 0.08203125
0 0.296875 0.056640625 0.1171875 0.08203125
0 0.421875 0.0546875 0.11328125 0.08203125
0 0.53125 0.05859375 0.08984375 0.078125
0 0.6298828125 0.0595703125 0.087890625 0.083984375
0 0.72265625 0.05859375 0.08203125 0.08203125
0 0.8193359375 0.0576171875 0.087890625 0.072265625
0 0.921875 0.0595703125 0.10546875 0.072265625
0 0.0693359375 0.1611328125 0.115234375 0.080078125
0 0.1884765625 0.1611328125 0.115234375 0.083984375
0 0.3056640625 0.1611328125 0.115234375 0.080078125
0 0.427734375 0.1640625 0.109375 0.08203125
0 0.541015625 0.1640625 0.109375 0.078125
0 0.6591796875 0.1611328125 0.123046875 0.080078125
