0 0.5869140625 0.130859375 0.197265625 0.13671875
0 0.5888671875 0.2705078125 0.201171875 0.130859375
0 0.587890625 0.4130859375 0.203125 0.126953125
0 0.5869140625 0.5185546875 0.123046875 0.072265625
0 0.3720703125 0.0927734375 0.111328125 0.060546875
0 0.3701171875 0.16796875 0.103515625 0.0703125
0 0.3828125 0.248046875 0.12109375 0.078125
0 0.3740234375 0.328125 0.115234375 0.07421875
0 0.373046875 0.4091796875 0.1171875 0.072265625
0 0.376953125 0.4892578125 0.10546875 0.072265625
0 0.3876953125 0.5654296875 0.095703125 0.072265625
0 0.3740234375 0.6376953125 0.115234375 0.060546875
0 0.1728515625 0.103515625 0.166015625 0.07421875
0 0.1728515625 0.201171875 0.083984375 0.11328125
0 0.173828125 0.3212890625 0.11328125 0.103515625
0 0.1787109375 0.4384765625 0.162109375 0.115234375
