0 0.49609375 0.1767578125 0.32421875 0.287109375
0 0.41796875 0.3642578125 0.12890625 0.076171875
0 0.5693359375 0.365234375 0.138671875 0.078125
0 0.3876953125 0.4296875 0.068359375 0.0390625
0 0.4599609375 0.4306640625 0.064453125 0.044921875
0 0.5302734375 0.431640625 0.068359375 0.046875
0 0.6025390625 0.4326171875 0.064453125 0.044921875
0 0.220703125 0.51953125 0.1796875 0.12109375
0 0.408203125 0.5205078125 0.1796875 0.123046875
0 0.5849609375 0.521484375 0.162109375 0.12109375
0 0.7666015625 0.521484375 0.173828125 0.12890625
