0 0.0830078125 0.0703125 0.126953125 0.09375
0 0.22265625 0.068359375 0.140625 0.09375
0 0.361328125 0.068359375 0.125 0.09765625
0 0.49609375 0.0703125 0.12890625 0.09765625
0 0.0869140625 0.169921875 0.134765625 0.09375
0 0.224609375 0.169921875 0.12890625 0.08984375
0 0.361328125 0.1689453125 0.125 0.095703125
0 0.494140625 0.1708984375 0.1328125 0.091796875
0 0.056640625 0.2587890625 0.0859375 0.052734375
0 0.1396484375 0.2587890625 0.068359375 0.052734375
0 0.248046875 0.259765625 0.08203125 0.05859375
0 0.33203125 0.259765625 0.078125 0.0546875
0 0.44140625 0.2587890625 0.08203125 0.052734375
0 0.5263671875 0.259765625 0.080078125 0.0625
