0 0.8662109375 0.08203125 0.158203125 0.09765625
0 0.8671875 0.1884765625 0.1484375 0.099609375
0 0.8642578125 0.2880859375 0.150390625 0.087890625
0 0.8642578125 0.3896484375 0.138671875 0.091796875
0 0.697265625 0.0830078125 0.1484375 0.103515625
0 0.6982421875 0.185546875 0.154296875 0.09765625
0 0.69921875 0.2841796875 0.12890625 0.087890625
0 0.7001953125 0.390625 0.142578125 0.09375
0 0.697265625 0.4892578125 0.13671875 0.091796875
0 0.705078125 0.595703125 0.140625 0.0859375
0 0.52734375 0.083984375 0.15234375 0.109375
0 0.533203125 0.1875 0.140625 0.08984375
0 0.5283203125 0.2900390625 0.166015625 0.091796875
0 0.5341796875 0.3916015625 0.130859375 0.087890625
0 0.359375 0.2880859375 0.140625 0.103515625
0 0.36328125 0.3916015625 0.15234375 0.091796875
0 0.365234375 0.4931640625 0.16015625 0.091796875
0 0.3642578125 0.595703125 0.166015625 0.09375
