0 0.8759765625 0.056640625 0.158203125 0.08984375
0 0.8720703125 0.1416015625 0.162109375 0.083984375
0 0.875 0.2294921875 0.16796875 0.087890625
0 0.8701171875 0.31640625 0.158203125 0.0859375
0 0.876953125 0.404296875 0.15234375 0.08984375
0 0.6171875 0.0546875 0.1640625 0.0859375
0 0.6181640625 0.140625 0.134765625 0.08203125
0 0.615234375 0.2236328125 0.1640625 0.080078125
0 0.6162109375 0.3076171875 0.166015625 0.080078125
0 0.6220703125 0.388671875 0.162109375 0.078125
0 0.6201171875 0.4736328125 0.138671875 0.087890625
0 0.6220703125 0.5615234375 0.150390625 0.083984375
0 0.6220703125 0.6484375 0.150390625 0.0859375
