0 0.1533203125 0.1845703125 0.240234375 0.177734375
0 0.390625 0.185546875 0.234375 0.17578125
0 0.62890625 0.1845703125 0.23046875 0.173828125
0 0.8701171875 0.185546875 0.212890625 0.1796875
0 0.1474609375 0.3857421875 0.228515625 0.177734375
0 0.3798828125 0.3857421875 0.212890625 0.181640625
0 0.6044921875 0.3427734375 0.130859375 0.087890625
0 0.736328125 0.3427734375 0.12890625 0.087890625
0 0.8623046875 0.3427734375 0.119140625 0.080078125
0 0.5654296875 0.4296875 0.123046875 0.08203125
0 0.6884765625 0.4296875 0.103515625 0.078125
0 0.798828125 0.4296875 0.11328125 0.0703125
0 0.9111328125 0.4296875 0.095703125 0.078125
