0 0.087890625 0.3466796875 0.1328125 0.095703125
0 0.220703125 0.3466796875 0.1328125 0.091796875
0 0.3447265625 0.34765625 0.099609375 0.09375
0 0.5078125 0.345703125 0.125 0.09765625
0 0.6396484375 0.3427734375 0.126953125 0.095703125
0 0.771484375 0.34375 0.12109375 0.09375
0 0.9052734375 0.341796875 0.134765625 0.09375
0 0.0869140625 0.447265625 0.138671875 0.08984375
0 0.2294921875 0.4443359375 0.130859375 0.091796875
0 0.359375 0.443359375 0.11328125 0.08203125
0 0.4833984375 0.4423828125 0.130859375 0.095703125
0 0.6162109375 0.443359375 0.130859375 0.08203125
0 0.751953125 0.4404296875 0.125 0.091796875
0 0.884765625 0.4375 0.125 0.08984375
