0 0.107421875 0.1298828125 0.0703125 0.119140625
0 0.1728515625 0.1220703125 0.064453125 0.111328125
0 0.2392578125 0.1240234375 0.060546875 0.103515625
0 0.30078125 0.1240234375 0.0625 0.115234375
0 0.3701171875 0.119140625 0.064453125 0.109375
0 0.4384765625 0.12109375 0.060546875 0.109375
0 0.5068359375 0.1201171875 0.068359375 0.115234375
0 0.576171875 0.123046875 0.0625 0.10546875
0 0.6435546875 0.1220703125 0.068359375 0.103515625
0 0.7314453125 0.12109375 0.068359375 0.12890625
0 0.8056640625 0.119140625 0.072265625 0.125
0 0.876953125 0.123046875 0.0625 0.1171875
