0 0.1708984375 0.16796875 0.189453125 0.15234375
0 0.376953125 0.1630859375 0.203125 0.138671875
0 0.58984375 0.1630859375 0.19921875 0.138671875
0 0.802734375 0.1640625 0.1875 0.14453125
0 0.2421875 0.3369140625 0.15625 0.115234375
0 0.4697265625 0.326171875 0.216796875 0.14453125
0 0.71875 0.326171875 0.21484375 0.14453125
0 0.12109375 0.46484375 0.09765625 0.0703125
0 0.216796875 0.462890625 0.08984375 0.0703125
0 0.3095703125 0.4638671875 0.087890625 0.068359375
0 0.4013671875 0.4619140625 0.091796875 0.064453125
0 0.4921875 0.46484375 0.08203125 0.0625
0 0.5810546875 0.46484375 0.080078125 0.0703125
0 0.669921875 0.4619140625 0.0625 0.068359375
0 0.7646484375 0.462890625 0.091796875 0.06640625
0 0.8564453125 0.46484375 0.083984375 0.0703125
