0 0.8955078125 0.0849609375 0.146484375 0.107421875
0 0.8935546875 0.2001953125 0.181640625 0.107421875
0 0.8974609375 0.3115234375 0.162109375 0.111328125
0 0.892578125 0.4296875 0.1796875 0.11328125
0 0.904296875 0.5439453125 0.1640625 0.099609375
0 0.6318359375 0.083984375 0.142578125 0.10546875
0 0.6298828125 0.1904296875 0.134765625 0.099609375
0 0.626953125 0.2958984375 0.171875 0.099609375
0 0.6318359375 0.38671875 0.181640625 0.0625
0 0.6337890625 0.4755859375 0.154296875 0.103515625
0 0.6318359375 0.5830078125 0.169921875 0.099609375
0 0.6318359375 0.689453125 0.162109375 0.1015625
