0 0.10546875 0.0625 0.1171875 0.078125
0 0.2119140625 0.068359375 0.083984375 0.06640625
0 0.302734375 0.06640625 0.08984375 0.05859375
0 0.3935546875 0.0673828125 0.083984375 0.056640625
0 0.48828125 0.0625 0.09765625 0.0703125
0 0.595703125 0.0634765625 0.1015625 0.068359375
0 0.703125 0.0615234375 0.09375 0.072265625
0 0.80859375 0.0625 0.1015625 0.0703125
0 0.9111328125 0.0693359375 0.083984375 0.068359375
0 0.1171875 0.197265625 0.20703125 0.1328125
0 0.322265625 0.2001953125 0.18359375 0.126953125
0 0.515625 0.201171875 0.1796875 0.14453125
0 0.90234375 0.2021484375 0.16796875 0.146484375
0 0.12109375 0.3515625 0.21875 0.1484375
0 0.3408203125 0.3486328125 0.201171875 0.142578125
0 0.525390625 0.3603515625 0.14453125 0.095703125
0 0.123046875 0.5048828125 0.20703125 0.126953125
0 0.3173828125 0.5029296875 0.162109375 0.123046875
0 0.4970703125 0.5068359375 0.158203125 0.130859375
0 0.69140625 0.501953125 0.2109375 0.13671875
