0 0.8603515625 0.087890625 0.208984375 0.13671875
0 0.84765625 0.2236328125 0.20703125 0.123046875
0 0.8662109375 0.35546875 0.138671875 0.1328125
0 0.4892578125 0.0830078125 0.205078125 0.123046875
0 0.4970703125 0.2197265625 0.205078125 0.123046875
0 0.48828125 0.326171875 0.12890625 0.08203125
0 0.4931640625 0.4384765625 0.193359375 0.123046875
0 0.4921875 0.5537109375 0.1171875 0.091796875
0 0.4970703125 0.6494140625 0.107421875 0.080078125
0 0.080078125 0.08203125 0.11328125 0.13671875
0 0.193359375 0.08203125 0.09765625 0.140625
0 0.1328125 0.201171875 0.140625 0.078125
0 0.130859375 0.3095703125 0.19921875 0.115234375
0 0.1357421875 0.4482421875 0.201171875 0.130859375
