0 0.7060546875 0.1025390625 0.158203125 0.095703125
0 0.71484375 0.197265625 0.10546875 0.08984375
0 0.7119140625 0.29296875 0.134765625 0.08984375
0 0.7158203125 0.380859375 0.103515625 0.08203125
0 0.708984375 0.4677734375 0.1015625 0.087890625
0 0.591796875 0.248046875 0.109375 0.09765625
0 0.5791015625 0.3408203125 0.126953125 0.083984375
0 0.595703125 0.419921875 0.10546875 0.05078125
0 0.5771484375 0.4892578125 0.138671875 0.083984375
0 0.4404296875 0.1591796875 0.162109375 0.095703125
0 0.439453125 0.25390625 0.15234375 0.0859375
0 0.4375 0.341796875 0.13671875 0.08203125
0 0.435546875 0.4365234375 0.11328125 0.091796875
0 0.2841796875 0.251953125 0.138671875 0.09375
0 0.2890625 0.349609375 0.14453125 0.09375
