0 0.056640625 0.05078125 0.10546875 0.07421875
0 0.1494140625 0.05859375 0.072265625 0.05859375
0 0.2392578125 0.05859375 0.083984375 0.0546875
0 0.3330078125 0.046875 0.087890625 0.07421875
0 0.4267578125 0.0458984375 0.087890625 0.072265625
0 0.5302734375 0.046875 0.099609375 0.078125
0 0.0576171875 0.1376953125 0.107421875 0.076171875
0 0.1708984375 0.1376953125 0.107421875 0.080078125
0 0.279296875 0.134765625 0.1015625 0.0703125
0 0.3876953125 0.1357421875 0.107421875 0.083984375
0 0.494140625 0.1318359375 0.10546875 0.068359375
0 0.6015625 0.1337890625 0.09765625 0.068359375
0 0.708984375 0.1318359375 0.1015625 0.076171875
0 0.822265625 0.12890625 0.1015625 0.07421875
0 0.927734375 0.12890625 0.1015625 0.07421875
0 0.060546875 0.22265625 0.1015625 0.08203125
0 0.1689453125 0.2216796875 0.103515625 0.072265625
0 0.28125 0.22265625 0.109375 0.08203125
