0 0.767578125 0.0595703125 0.1328125 0.095703125
0 0.7763671875 0.15625 0.107421875 0.0859375
0 0.775390625 0.2431640625 0.14453125 0.087890625
0 0.775390625 0.33203125 0.1328125 0.0859375
0 0.7900390625 0.4150390625 0.103515625 0.076171875
0 0.7744140625 0.50390625 0.142578125 0.09765625
0 0.775390625 0.595703125 0.1328125 0.08203125
0 0.7802734375 0.685546875 0.123046875 0.09375
0 0.587890625 0.0849609375 0.20703125 0.154296875
0 0.587890625 0.224609375 0.2109375 0.12109375
0 0.587890625 0.3662109375 0.2109375 0.142578125
0 0.587890625 0.5126953125 0.21875 0.138671875
0 0.595703125 0.6337890625 0.15234375 0.091796875
0 0.3876953125 0.5107421875 0.193359375 0.119140625
0 0.3916015625 0.6416015625 0.201171875 0.138671875
