0 0.177734375 0.333984375 0.14453125 0.109375
0 0.3310546875 0.3359375 0.142578125 0.11328125
0 0.4677734375 0.34375 0.115234375 0.09375
0 0.1708984375 0.4541015625 0.126953125 0.087890625
0 0.298828125 0.453125 0.1015625 0.07421875
0 0.408203125 0.4501953125 0.109375 0.087890625
0 0.525390625 0.44921875 0.109375 0.08984375
0 0.6416015625 0.44921875 0.111328125 0.0859375
0 0.265625 0.5517578125 0.12109375 0.083984375
0 0.384765625 0.5498046875 0.10546875 0.099609375
0 0.4814453125 0.5537109375 0.060546875 0.091796875
0 0.5546875 0.5498046875 0.0703125 0.099609375
