0 0.095703125 0.140625 0.109375 0.08984375
0 0.2060546875 0.140625 0.103515625 0.08203125
0 0.310546875 0.1376953125 0.09765625 0.083984375
0 0.4111328125 0.13671875 0.099609375 0.08203125
0 0.515625 0.1396484375 0.1015625 0.076171875
0 0.09765625 0.2314453125 0.1015625 0.080078125
0 0.2041015625 0.2314453125 0.103515625 0.083984375
0 0.314453125 0.2314453125 0.1015625 0.083984375
0 0.421875 0.232421875 0.10546875 0.0859375
0 0.0986328125 0.32421875 0.103515625 0.07421875
0 0.2080078125 0.32421875 0.107421875 0.07421875
