0 0.9111328125 0.07421875 0.134765625 0.09765625
0 0.9150390625 0.169921875 0.130859375 0.0859375
0 0.916015625 0.2578125 0.125 0.078125
0 0.9111328125 0.34765625 0.146484375 0.09375
0 0.908203125 0.4423828125 0.09765625 0.087890625
0 0.7607421875 0.07421875 0.142578125 0.09765625
0 0.763671875 0.1689453125 0.13671875 0.087890625
0 0.7666015625 0.25390625 0.130859375 0.06640625
0 0.763671875 0.333984375 0.12109375 0.0859375
0 0.767578125 0.419921875 0.14453125 0.078125
0 0.765625 0.5048828125 0.14453125 0.076171875
