0 0.12109375 0.2109375 0.13671875 0.1171875
0 0.255859375 0.208984375 0.12109375 0.109375
0 0.3798828125 0.208984375 0.123046875 0.1171875
0 0.5087890625 0.20703125 0.123046875 0.109375
0 0.6396484375 0.2060546875 0.126953125 0.115234375
0 0.767578125 0.20703125 0.1171875 0.11328125
0 0.8837890625 0.2177734375 0.087890625 0.072265625
0 0.126953125 0.33203125 0.125 0.109375
0 0.2548828125 0.330078125 0.123046875 0.10546875
0 0.369140625 0.3369140625 0.07421875 0.080078125
0 0.4794921875 0.3310546875 0.134765625 0.111328125
0 0.6123046875 0.3271484375 0.123046875 0.111328125
