0 0.85546875 0.1015625 0.09765625 0.0703125
0 0.8544921875 0.17578125 0.095703125 0.0703125
0 0.85546875 0.2470703125 0.09375 0.064453125
0 0.8564453125 0.3193359375 0.083984375 0.068359375
0 0.8583984375 0.384765625 0.091796875 0.05859375
0 0.861328125 0.451171875 0.09765625 0.06640625
0 0.8564453125 0.5185546875 0.080078125 0.068359375
0 0.8583984375 0.5849609375 0.091796875 0.052734375
0 0.8583984375 0.650390625 0.091796875 0.06640625
0 0.8603515625 0.7060546875 0.068359375 0.041015625
0 0.7314453125 0.103515625 0.111328125 0.0703125
0 0.7373046875 0.17578125 0.111328125 0.0703125
0 0.7333984375 0.236328125 0.068359375 0.046875
0 0.73828125 0.2998046875 0.11328125 0.072265625
0 0.736328125 0.3720703125 0.1015625 0.072265625
