0 0.1337890625 0.19140625 0.216796875 0.21875
0 0.37109375 0.1923828125 0.23828125 0.216796875
0 0.6162109375 0.1875 0.228515625 0.21875
0 0.8564453125 0.1865234375 0.232421875 0.216796875
0 0.123046875 0.3935546875 0.1796875 0.126953125
0 0.3115234375 0.3935546875 0.177734375 0.130859375
0 0.4931640625 0.390625 0.169921875 0.12109375
0 0.6767578125 0.392578125 0.185546875 0.125
0 0.8662109375 0.388671875 0.169921875 0.125
0 0.12890625 0.53515625 0.1796875 0.12890625
0 0.3095703125 0.53125 0.173828125 0.12109375
0 0.4931640625 0.5341796875 0.173828125 0.123046875
