0 0.1318359375 0.0986328125 0.248046875 0.185546875
0 0.3955078125 0.09765625 0.251953125 0.1875
0 0.1357421875 0.306640625 0.255859375 0.1796875
0 0.3994140625 0.3017578125 0.267578125 0.177734375
0 0.0439453125 0.455078125 0.083984375 0.09375
0 0.13671875 0.4560546875 0.09765625 0.091796875
0 0.2265625 0.4560546875 0.07421875 0.099609375
0 0.314453125 0.455078125 0.08984375 0.09375
0 0.416015625 0.451171875 0.08984375 0.09765625
0 0.513671875 0.455078125 0.09765625 0.09765625
0 0.611328125 0.462890625 0.08984375 0.0859375
0 0.69921875 0.4541015625 0.078125 0.095703125
0 0.7890625 0.4560546875 0.09375 0.091796875
0 0.8974609375 0.451171875 0.103515625 0.1015625
