0 0.14453125 0.138671875 0.125 0.08984375
0 0.275390625 0.1396484375 0.125 0.087890625
0 0.3974609375 0.140625 0.107421875 0.078125
0 0.525390625 0.1435546875 0.125 0.083984375
0 0.6533203125 0.1396484375 0.107421875 0.087890625
0 0.779296875 0.142578125 0.10546875 0.0859375
0 0.140625 0.2294921875 0.109375 0.080078125
0 0.2607421875 0.2294921875 0.107421875 0.080078125
0 0.388671875 0.2333984375 0.11328125 0.076171875
0 0.50390625 0.2314453125 0.1171875 0.076171875
0 0.626953125 0.232421875 0.09375 0.078125
0 0.748046875 0.232421875 0.11328125 0.0703125
0 0.8701171875 0.23046875 0.119140625 0.08203125
