0 0.1875 0.1689453125 0.08203125 0.060546875
0 0.2744140625 0.1689453125 0.080078125 0.060546875
0 0.357421875 0.169921875 0.07421875 0.0625
0 0.4384765625 0.169921875 0.083984375 0.0625
0 0.5263671875 0.16796875 0.080078125 0.0625
0 0.6171875 0.1689453125 0.078125 0.060546875
0 0.7001953125 0.1669921875 0.076171875 0.056640625
0 0.4853515625 0.2392578125 0.091796875 0.064453125
0 0.572265625 0.2392578125 0.0703125 0.060546875
0 0.6494140625 0.2392578125 0.076171875 0.060546875
0 0.7265625 0.23828125 0.07421875 0.0625
0 0.8095703125 0.23828125 0.080078125 0.06640625
