0 0.1298828125 0.0849609375 0.119140625 0.083984375
0 0.25 0.08203125 0.1171875 0.08203125
0 0.3759765625 0.08203125 0.123046875 0.08203125
0 0.1259765625 0.169921875 0.115234375 0.08203125
0 0.25 0.16796875 0.1171875 0.08203125
0 0.375 0.166015625 0.12109375 0.0859375
0 0.5 0.166015625 0.1171875 0.0859375
0 0.60546875 0.16796875 0.0859375 0.08984375
0 0.6943359375 0.1689453125 0.087890625 0.083984375
0 0.7998046875 0.1689453125 0.115234375 0.080078125
0 0.1259765625 0.2578125 0.115234375 0.08984375
0 0.2470703125 0.2548828125 0.126953125 0.083984375
