0 0.16015625 0.11328125 0.08203125 0.02734375
0 0.2421875 0.1103515625 0.078125 0.060546875
0 0.3232421875 0.1103515625 0.080078125 0.056640625
0 0.404296875 0.1064453125 0.08203125 0.048828125
0 0.4853515625 0.1123046875 0.076171875 0.056640625
0 0.5712890625 0.111328125 0.076171875 0.05859375
0 0.1650390625 0.19140625 0.107421875 0.09375
0 0.2734375 0.193359375 0.1015625 0.09375
0 0.3798828125 0.19140625 0.099609375 0.09375
0 0.484375 0.193359375 0.1015625 0.09375
0 0.59375 0.1904296875 0.109375 0.087890625
