0 0.8408203125 0.1259765625 0.134765625 0.111328125
0 0.837890625 0.240234375 0.140625 0.10546875
0 0.841796875 0.3427734375 0.14453125 0.095703125
0 0.8330078125 0.439453125 0.091796875 0.0859375
0 0.693359375 0.1279296875 0.13671875 0.103515625
0 0.6865234375 0.23828125 0.130859375 0.09375
0 0.685546875 0.3349609375 0.14453125 0.087890625
0 0.474609375 0.126953125 0.1796875 0.11328125
0 0.482421875 0.2470703125 0.171875 0.111328125
0 0.484375 0.36328125 0.171875 0.109375
0 0.4814453125 0.482421875 0.166015625 0.109375
0 0.478515625 0.5966796875 0.171875 0.099609375
0 0.279296875 0.1689453125 0.1796875 0.107421875
0 0.2861328125 0.2861328125 0.193359375 0.111328125
0 0.2841796875 0.4482421875 0.189453125 0.111328125
0 0.2880859375 0.56640625 0.169921875 0.109375
