0 0.6181640625 0.2490234375 0.091796875 0.052734375
0 0.619140625 0.30859375 0.08984375 0.05859375
0 0.619140625 0.369140625 0.07421875 0.05859375
0 0.619140625 0.4287109375 0.09375 0.056640625
0 0.6220703125 0.490234375 0.087890625 0.05859375
0 0.6201171875 0.5498046875 0.095703125 0.044921875
0 0.6201171875 0.609375 0.091796875 0.05859375
0 0.6171875 0.703125 0.0859375 0.05078125
0 0.5234375 0.2431640625 0.0859375 0.048828125
0 0.521484375 0.294921875 0.06640625 0.04296875
0 0.52734375 0.34375 0.078125 0.05078125
0 0.525390625 0.3974609375 0.07421875 0.044921875
0 0.525390625 0.4462890625 0.07421875 0.048828125
0 0.53125 0.4970703125 0.06640625 0.041015625
0 0.5234375 0.5458984375 0.078125 0.048828125
0 0.5302734375 0.59765625 0.068359375 0.0390625
0 0.5234375 0.64453125 0.0859375 0.05078125
0 0.5244140625 0.6982421875 0.080078125 0.052734375
