0 0.078125 0.1083984375 0.09765625 0.099609375
0 0.1884765625 0.10546875 0.103515625 0.09765625
0 0.2958984375 0.1064453125 0.107421875 0.103515625
0 0.396484375 0.1162109375 0.08984375 0.072265625
0 0.49609375 0.1064453125 0.10546875 0.103515625
0 0.5927734375 0.1259765625 0.076171875 0.072265625
0 0.0908203125 0.2392578125 0.123046875 0.130859375
0 0.208984375 0.2392578125 0.09765625 0.134765625
0 0.3173828125 0.2392578125 0.103515625 0.123046875
0 0.4443359375 0.244140625 0.099609375 0.125
0 0.568359375 0.23828125 0.1171875 0.12109375
