0 0.63671875 0.08203125 0.13671875 0.08984375
0 0.6455078125 0.1689453125 0.103515625 0.083984375
0 0.46875 0.0791015625 0.12890625 0.087890625
0 0.4755859375 0.16015625 0.099609375 0.0546875
0 0.470703125 0.2333984375 0.125 0.080078125
0 0.3037109375 0.0791015625 0.115234375 0.080078125
0 0.3017578125 0.1630859375 0.095703125 0.076171875
0 0.3056640625 0.2470703125 0.115234375 0.076171875
0 0.3037109375 0.33203125 0.119140625 0.078125
0 0.1357421875 0.078125 0.126953125 0.078125
0 0.1328125 0.1630859375 0.11328125 0.072265625
0 0.130859375 0.248046875 0.1171875 0.08203125
