0 0.1015625 0.1337890625 0.11328125 0.080078125
0 0.212890625 0.1318359375 0.109375 0.076171875
0 0.3193359375 0.1328125 0.103515625 0.0703125
0 0.421875 0.1318359375 0.09765625 0.072265625
0 0.5234375 0.134765625 0.09765625 0.07421875
0 0.1572265625 0.26171875 0.224609375 0.1640625
0 0.392578125 0.26171875 0.2265625 0.17578125
0 0.6220703125 0.263671875 0.212890625 0.171875
0 0.84375 0.2646484375 0.21875 0.177734375
0 0.15625 0.4443359375 0.234375 0.173828125
0 0.392578125 0.447265625 0.2265625 0.171875
