0 0.8662109375 0.1748046875 0.232421875 0.142578125
0 0.861328125 0.3388671875 0.21484375 0.154296875
0 0.8603515625 0.501953125 0.224609375 0.1484375
0 0.619140625 0.4296875 0.234375 0.15625
0 0.6162109375 0.5947265625 0.228515625 0.150390625
0 0.37109375 0.1455078125 0.234375 0.150390625
0 0.3779296875 0.3037109375 0.177734375 0.158203125
0 0.38671875 0.458984375 0.23046875 0.1484375
0 0.38671875 0.6044921875 0.21875 0.126953125
0 0.14453125 0.326171875 0.2265625 0.15234375
0 0.1396484375 0.490234375 0.224609375 0.16015625
