0 0.2177734375 0.1298828125 0.060546875 0.056640625
0 0.2900390625 0.1279296875 0.076171875 0.060546875
0 0.375 0.125 0.078125 0.06640625
0 0.453125 0.126953125 0.06640625 0.0625
0 0.529296875 0.125 0.0703125 0.0546875
0 0.6044921875 0.12890625 0.072265625 0.0390625
0 0.6806640625 0.12890625 0.060546875 0.05859375
0 0.751953125 0.1337890625 0.0703125 0.041015625
0 0.181640625 0.1982421875 0.08984375 0.060546875
0 0.275390625 0.1982421875 0.08984375 0.060546875
0 0.3671875 0.19921875 0.0859375 0.05859375
0 0.4345703125 0.20703125 0.044921875 0.046875
0 0.501953125 0.1982421875 0.09375 0.064453125
0 0.59765625 0.1982421875 0.0859375 0.064453125
0 0.6884765625 0.19921875 0.087890625 0.06640625
0 0.783203125 0.197265625 0.08203125 0.0625
