0 0.1240234375 0.2060546875 0.107421875 0.068359375
0 0.23046875 0.2060546875 0.1015625 0.068359375
0 0.3251953125 0.2109375 0.080078125 0.05078125
0 0.1279296875 0.291015625 0.099609375 0.0703125
0 0.220703125 0.2890625 0.0859375 0.06640625
0 0.3115234375 0.2900390625 0.083984375 0.068359375
0 0.3935546875 0.2998046875 0.068359375 0.052734375
0 0.4755859375 0.291015625 0.091796875 0.06640625
0 0.5712890625 0.291015625 0.095703125 0.05859375
0 0.1259765625 0.375 0.107421875 0.05859375
0 0.2265625 0.37890625 0.078125 0.07421875
0 0.314453125 0.380859375 0.08984375 0.0703125
0 0.4091796875 0.376953125 0.080078125 0.05859375
0 0.5 0.37890625 0.08984375 0.0703125
0 0.587890625 0.37890625 0.078125 0.07421875
