0 0.1328125 0.091796875 0.1796875 0.15625
0 0.34375 0.0849609375 0.19921875 0.162109375
0 0.5732421875 0.091796875 0.197265625 0.16015625
0 0.0888671875 0.2138671875 0.087890625 0.029296875
0 0.177734375 0.216796875 0.08984375 0.078125
0 0.267578125 0.216796875 0.08203125 0.08203125
0 0.3583984375 0.2177734375 0.087890625 0.076171875
0 0.4482421875 0.21875 0.083984375 0.08203125
0 0.53515625 0.2177734375 0.08984375 0.080078125
0 0.6298828125 0.2158203125 0.083984375 0.076171875
0 0.1044921875 0.3056640625 0.146484375 0.083984375
0 0.2470703125 0.3095703125 0.123046875 0.080078125
0 0.384765625 0.3076171875 0.1328125 0.083984375
0 0.5322265625 0.3076171875 0.142578125 0.080078125
