0 0.0751953125 0.2236328125 0.119140625 0.158203125
0 0.193359375 0.220703125 0.109375 0.15625
0 0.2939453125 0.2236328125 0.080078125 0.150390625
0 0.390625 0.224609375 0.1015625 0.140625
0 0.4892578125 0.23828125 0.076171875 0.125
0 0.7001953125 0.2255859375 0.091796875 0.138671875
0 0.806640625 0.228515625 0.10546875 0.15625
0 0.916015625 0.2333984375 0.109375 0.162109375
0 0.083984375 0.3642578125 0.125 0.107421875
0 0.2080078125 0.3642578125 0.123046875 0.111328125
0 0.3388671875 0.365234375 0.126953125 0.10546875
0 0.4658203125 0.365234375 0.130859375 0.11328125
0 0.5947265625 0.3671875 0.115234375 0.109375
0 0.71875 0.3671875 0.12890625 0.109375
