0 0.09375 0.078125 0.18359375 0.140625
0 0.2861328125 0.0771484375 0.185546875 0.130859375
0 0.48828125 0.0791015625 0.19140625 0.142578125
0 0.69921875 0.080078125 0.19921875 0.140625
0 0.90625 0.0849609375 0.18359375 0.126953125
0 0.12109375 0.2451171875 0.23828125 0.169921875
0 0.375 0.2470703125 0.2421875 0.181640625
0 0.6298828125 0.248046875 0.244140625 0.17578125
0 0.8759765625 0.2490234375 0.232421875 0.166015625
0 0.099609375 0.412109375 0.1953125 0.1484375
0 0.302734375 0.4150390625 0.20703125 0.142578125
0 0.5087890625 0.419921875 0.173828125 0.1484375
0 0.7138671875 0.416015625 0.216796875 0.14453125
