0 0.1982421875 0.19140625 0.318359375 0.31640625
0 0.42578125 0.2763671875 0.1171875 0.138671875
0 0.5478515625 0.2802734375 0.126953125 0.130859375
0 0.6845703125 0.2724609375 0.119140625 0.134765625
0 0.8017578125 0.275390625 0.107421875 0.140625
0 0.9189453125 0.275390625 0.119140625 0.1484375
0 0.0966796875 0.4384765625 0.142578125 0.107421875
0 0.240234375 0.4423828125 0.125 0.107421875
0 0.373046875 0.4453125 0.12890625 0.08984375
0 0.6357421875 0.44140625 0.123046875 0.09765625
0 0.7685546875 0.44140625 0.130859375 0.09765625
0 0.9091796875 0.4443359375 0.142578125 0.111328125
