0 0.1708984375 0.134765625 0.083984375 0.05859375
0 0.255859375 0.134765625 0.0859375 0.0625
0 0.3427734375 0.134765625 0.083984375 0.0625
0 0.4306640625 0.1337890625 0.080078125 0.060546875
0 0.1689453125 0.203125 0.080078125 0.05859375
0 0.248046875 0.20703125 0.07421875 0.05078125
0 0.408203125 0.2041015625 0.078125 0.048828125
0 0.4814453125 0.20703125 0.064453125 0.05859375
0 0.5595703125 0.2041015625 0.080078125 0.060546875
0 0.716796875 0.2041015625 0.07421875 0.052734375
0 0.7880859375 0.212890625 0.056640625 0.03515625
0 0.857421875 0.20703125 0.07421875 0.05078125
