0 0.7734375 0.0791015625 0.19140625 0.087890625
0 0.7763671875 0.1748046875 0.197265625 0.091796875
0 0.771484375 0.265625 0.19921875 0.0859375
0 0.7734375 0.3564453125 0.1953125 0.091796875
0 0.76953125 0.453125 0.19921875 0.09375
0 0.19921875 0.08203125 0.203125 0.08984375
0 0.19921875 0.1748046875 0.1953125 0.091796875
0 0.197265625 0.267578125 0.19921875 0.0859375
0 0.2021484375 0.3583984375 0.208984375 0.091796875
0 0.19921875 0.4541015625 0.1953125 0.091796875
0 0.197265625 0.544921875 0.19921875 0.09375
0 0.2001953125 0.6376953125 0.193359375 0.091796875
0 0.1982421875 0.7294921875 0.189453125 0.087890625
0 0.1943359375 0.826171875 0.197265625 0.09765625
