0 0.21875 0.173828125 0.10546875 0.08203125
0 0.3173828125 0.171875 0.076171875 0.078125
0 0.3955078125 0.1728515625 0.064453125 0.080078125
0 0.47265625 0.171875 0.0859375 0.078125
0 0.5712890625 0.17578125 0.099609375 0.08203125
0 0.6748046875 0.173828125 0.095703125 0.07421875
0 0.77734375 0.177734375 0.10546875 0.078125
0 0.1884765625 0.2568359375 0.064453125 0.076171875
0 0.248046875 0.2568359375 0.0546875 0.072265625
0 0.33203125 0.2587890625 0.09765625 0.064453125
0 0.41796875 0.2578125 0.0703125 0.05078125
0 0.5078125 0.259765625 0.08203125 0.0625
