0 0.1123046875 0.0751953125 0.197265625 0.130859375
0 0.33203125 0.07421875 0.22265625 0.12890625
0 0.115234375 0.2109375 0.21484375 0.1015625
0 0.3232421875 0.1923828125 0.189453125 0.083984375
0 0.5009765625 0.21875 0.146484375 0.1015625
0 0.11328125 0.3603515625 0.20703125 0.111328125
0 0.3193359375 0.359375 0.193359375 0.12109375
0 0.5205078125 0.3603515625 0.166015625 0.119140625
0 0.70703125 0.3603515625 0.171875 0.119140625
0 0.1083984375 0.51171875 0.201171875 0.12109375
0 0.3125 0.5166015625 0.16015625 0.115234375
