0 0.2978515625 0.1328125 0.119140625 0.08203125
0 0.4267578125 0.130859375 0.119140625 0.0859375
0 0.5517578125 0.1318359375 0.119140625 0.083984375
0 0.6748046875 0.1328125 0.115234375 0.078125
0 0.4267578125 0.25 0.126953125 0.08203125
0 0.5537109375 0.251953125 0.115234375 0.0859375
0 0.236328125 0.3466796875 0.12109375 0.083984375
0 0.36328125 0.3466796875 0.12109375 0.083984375
0 0.48828125 0.34765625 0.12109375 0.08203125
0 0.611328125 0.3486328125 0.12109375 0.083984375
0 0.73828125 0.345703125 0.1015625 0.078125
0 0.4248046875 0.443359375 0.126953125 0.0859375
0 0.5517578125 0.443359375 0.119140625 0.08203125
