0 0.08984375 0.083984375 0.1640625 0.1171875
0 0.25390625 0.0830078125 0.15234375 0.119140625
0 0.41015625 0.0830078125 0.14453125 0.123046875
0 0.08984375 0.2099609375 0.15625 0.115234375
0 0.2470703125 0.20703125 0.150390625 0.12109375
0 0.390625 0.208984375 0.125 0.1171875
0 0.529296875 0.20703125 0.12109375 0.109375
0 0.6533203125 0.2099609375 0.107421875 0.119140625
0 0.783203125 0.208984375 0.1171875 0.1171875
0 0.9208984375 0.2119140625 0.130859375 0.107421875
0 0.0927734375 0.33984375 0.150390625 0.125
0 0.2490234375 0.3388671875 0.146484375 0.126953125
