0 0.0771484375 0.0576171875 0.095703125 0.083984375
0 0.1904296875 0.0576171875 0.123046875 0.072265625
0 0.3212890625 0.0556640625 0.123046875 0.099609375
0 0.44921875 0.0576171875 0.12109375 0.087890625
0 0.578125 0.05859375 0.1171875 0.09375
0 0.6953125 0.0615234375 0.1171875 0.099609375
0 0.8193359375 0.05859375 0.111328125 0.09375
0 0.935546875 0.0595703125 0.109375 0.095703125
0 0.1513671875 0.1962890625 0.283203125 0.173828125
0 0.396484375 0.1953125 0.1875 0.171875
0 0.6142578125 0.1962890625 0.240234375 0.166015625
0 0.8662109375 0.2001953125 0.240234375 0.134765625
