0 0.2568359375 0.1474609375 0.119140625 0.080078125
0 0.3837890625 0.1484375 0.123046875 0.08203125
0 0.5087890625 0.1474609375 0.123046875 0.080078125
0 0.6337890625 0.1494140625 0.123046875 0.083984375
0 0.759765625 0.1474609375 0.12109375 0.080078125
0 0.2646484375 0.23828125 0.115234375 0.05859375
0 0.3759765625 0.2392578125 0.107421875 0.076171875
0 0.4765625 0.240234375 0.0859375 0.07421875
0 0.576171875 0.23828125 0.1015625 0.0703125
0 0.66796875 0.2451171875 0.0859375 0.056640625
0 0.759765625 0.240234375 0.0859375 0.07421875
