0 0.837890625 0.0712890625 0.1875 0.115234375
0 0.8427734375 0.1884765625 0.189453125 0.111328125
0 0.8408203125 0.306640625 0.181640625 0.11328125
0 0.8447265625 0.423828125 0.189453125 0.10546875
0 0.6015625 0.0673828125 0.09765625 0.111328125
0 0.7001953125 0.0673828125 0.072265625 0.111328125
0 0.6455078125 0.1875 0.185546875 0.1171875
0 0.642578125 0.30859375 0.17578125 0.11328125
0 0.4462890625 0.0849609375 0.173828125 0.119140625
0 0.4443359375 0.205078125 0.177734375 0.11328125
0 0.4453125 0.326171875 0.1796875 0.109375
0 0.4453125 0.462890625 0.171875 0.109375
0 0.44140625 0.5810546875 0.1796875 0.119140625
0 0.2509765625 0.052734375 0.177734375 0.078125
0 0.251953125 0.14453125 0.17578125 0.08984375
0 0.2451171875 0.2587890625 0.197265625 0.119140625
0 0.248046875 0.380859375 0.18359375 0.125
