0 0.138671875 0.0947265625 0.11328125 0.080078125
0 0.2490234375 0.09375 0.095703125 0.078125
0 0.3564453125 0.091796875 0.107421875 0.06640625
0 0.1396484375 0.1884765625 0.111328125 0.080078125
0 0.259765625 0.1875 0.12109375 0.078125
0 0.37109375 0.1884765625 0.1015625 0.076171875
0 0.4716796875 0.1865234375 0.083984375 0.076171875
0 0.5595703125 0.1865234375 0.080078125 0.076171875
0 0.6572265625 0.1865234375 0.103515625 0.060546875
0 0.7705078125 0.1845703125 0.099609375 0.080078125
0 0.1357421875 0.283203125 0.119140625 0.08203125
0 0.2509765625 0.283203125 0.099609375 0.07421875
0 0.3671875 0.2861328125 0.109375 0.072265625
