0 0.3466796875 0.1796875 0.115234375 0.1015625
0 0.48828125 0.1748046875 0.1328125 0.123046875
0 0.63671875 0.173828125 0.12890625 0.125
0 0.134765625 0.3095703125 0.1484375 0.123046875
0 0.279296875 0.3115234375 0.12109375 0.123046875
0 0.419921875 0.3134765625 0.125 0.115234375
0 0.5595703125 0.3134765625 0.142578125 0.123046875
0 0.6982421875 0.3115234375 0.123046875 0.123046875
0 0.8369140625 0.3134765625 0.142578125 0.115234375
0 0.3466796875 0.4482421875 0.130859375 0.119140625
0 0.48046875 0.4501953125 0.1328125 0.123046875
0 0.626953125 0.447265625 0.13671875 0.12109375
