0 0.07421875 0.140625 0.078125 0.09375
0 0.2197265625 0.1416015625 0.072265625 0.087890625
0 0.29296875 0.140625 0.05859375 0.08203125
0 0.3671875 0.1376953125 0.0703125 0.087890625
0 0.462890625 0.1416015625 0.06640625 0.080078125
0 0.5361328125 0.140625 0.068359375 0.0859375
0 0.611328125 0.1376953125 0.0703125 0.083984375
0 0.75390625 0.140625 0.06640625 0.08203125
0 0.830078125 0.1416015625 0.07421875 0.095703125
0 0.912109375 0.1416015625 0.078125 0.095703125
0 0.4951171875 0.2490234375 0.076171875 0.083984375
0 0.5888671875 0.24609375 0.076171875 0.09375
0 0.6728515625 0.248046875 0.083984375 0.0859375
0 0.755859375 0.24609375 0.0625 0.08984375
0 0.8310546875 0.248046875 0.080078125 0.09375
0 0.9150390625 0.24609375 0.083984375 0.0859375
