0 0.5 0.0966796875 0.06640625 0.048828125
0 0.498046875 0.150390625 0.0859375 0.0546875
0 0.5009765625 0.205078125 0.080078125 0.0546875
0 0.5 0.2607421875 0.078125 0.052734375
0 0.5009765625 0.330078125 0.080078125 0.05078125
0 0.5029296875 0.38671875 0.076171875 0.05859375
0 0.501953125 0.435546875 0.05859375 0.03515625
0 0.5029296875 0.4833984375 0.072265625 0.052734375
0 0.5029296875 0.5380859375 0.076171875 0.048828125
0 0.5009765625 0.5927734375 0.080078125 0.052734375
0 0.5 0.646484375 0.078125 0.05078125
0 0.5 0.697265625 0.05078125 0.0390625
0 0.5048828125 0.7490234375 0.072265625 0.056640625
0 0.501953125 0.806640625 0.0859375 0.0546875
