0 0.126953125 0.263671875 0.1953125 0.16015625
0 0.3271484375 0.2646484375 0.193359375 0.150390625
0 0.4619140625 0.2978515625 0.076171875 0.068359375
0 0.603515625 0.2646484375 0.1875 0.154296875
0 0.7890625 0.265625 0.16015625 0.16015625
0 0.9208984375 0.296875 0.095703125 0.0703125
0 0.1083984375 0.42578125 0.154296875 0.1484375
0 0.2646484375 0.423828125 0.150390625 0.12890625
0 0.4013671875 0.4267578125 0.123046875 0.142578125
0 0.5419921875 0.42578125 0.150390625 0.13671875
0 0.6982421875 0.4306640625 0.150390625 0.134765625
0 0.865234375 0.427734375 0.18359375 0.14453125
