0 0.373046875 0.0888671875 0.23828125 0.134765625
0 0.619140625 0.0927734375 0.234375 0.142578125
0 0.30078125 0.1904296875 0.09765625 0.052734375
0 0.404296875 0.19140625 0.10546875 0.05859375
0 0.5068359375 0.19140625 0.099609375 0.05078125
0 0.5947265625 0.1962890625 0.076171875 0.044921875
0 0.6884765625 0.1943359375 0.087890625 0.056640625
0 0.16796875 0.2822265625 0.2109375 0.126953125
0 0.34765625 0.2958984375 0.13671875 0.076171875
0 0.5126953125 0.28515625 0.169921875 0.109375
0 0.677734375 0.283203125 0.15234375 0.109375
0 0.845703125 0.28515625 0.1640625 0.1171875
0 0.28515625 0.4111328125 0.21875 0.130859375
0 0.4892578125 0.412109375 0.177734375 0.1171875
0 0.6923828125 0.416015625 0.216796875 0.125
