0 0.2783203125 0.09375 0.134765625 0.09375
0 0.412109375 0.0908203125 0.1328125 0.091796875
0 0.5478515625 0.0927734375 0.130859375 0.091796875
0 0.68359375 0.091796875 0.12890625 0.09375
0 0.09375 0.193359375 0.1328125 0.09375
0 0.2373046875 0.1953125 0.130859375 0.09375
0 0.3720703125 0.19140625 0.119140625 0.09375
0 0.654296875 0.193359375 0.1328125 0.1015625
0 0.7841796875 0.203125 0.111328125 0.07421875
0 0.904296875 0.19140625 0.109375 0.09375
0 0.1884765625 0.29296875 0.134765625 0.08984375
0 0.328125 0.2919921875 0.13671875 0.087890625
0 0.458984375 0.3037109375 0.1171875 0.068359375
0 0.58203125 0.2939453125 0.1171875 0.095703125
0 0.7021484375 0.294921875 0.115234375 0.1015625
0 0.822265625 0.3017578125 0.1015625 0.080078125
