0 0.1357421875 0.4619140625 0.138671875 0.095703125
0 0.2548828125 0.4599609375 0.091796875 0.103515625
0 0.36328125 0.462890625 0.11328125 0.09765625
0 0.4951171875 0.4619140625 0.138671875 0.107421875
0 0.6337890625 0.4619140625 0.134765625 0.107421875
0 0.7470703125 0.4814453125 0.083984375 0.064453125
0 0.13671875 0.5673828125 0.1484375 0.099609375
0 0.279296875 0.5693359375 0.140625 0.107421875
0 0.4208984375 0.5703125 0.126953125 0.10546875
0 0.52734375 0.587890625 0.07421875 0.05859375
0 0.6298828125 0.5693359375 0.126953125 0.099609375
0 0.76171875 0.5732421875 0.125 0.076171875
0 0.9013671875 0.5712890625 0.150390625 0.103515625
