0 0.1533203125 0.1572265625 0.111328125 0.083984375
0 0.2685546875 0.154296875 0.107421875 0.08203125
0 0.380859375 0.1572265625 0.11328125 0.083984375
0 0.498046875 0.1552734375 0.109375 0.083984375
0 0.6162109375 0.15625 0.111328125 0.0859375
0 0.7314453125 0.154296875 0.107421875 0.0859375
0 0.84375 0.158203125 0.10546875 0.0703125
0 0.3798828125 0.2529296875 0.119140625 0.080078125
0 0.4970703125 0.2568359375 0.111328125 0.087890625
0 0.615234375 0.25390625 0.109375 0.078125
0 0.7294921875 0.2509765625 0.119140625 0.083984375
0 0.845703125 0.255859375 0.11328125 0.08984375
