0 0.314453125 0.12890625 0.109375 0.07421875
0 0.3125 0.2099609375 0.11328125 0.076171875
0 0.3095703125 0.287109375 0.060546875 0.07421875
0 0.314453125 0.3681640625 0.12109375 0.080078125
0 0.3125 0.4521484375 0.125 0.083984375
0 0.30859375 0.529296875 0.1171875 0.06640625
0 0.1884765625 0.126953125 0.115234375 0.07421875
0 0.185546875 0.2080078125 0.10546875 0.083984375
0 0.185546875 0.2861328125 0.0859375 0.072265625
0 0.1806640625 0.3662109375 0.119140625 0.076171875
0 0.1796875 0.447265625 0.0703125 0.078125
