0 0.3388671875 0.3076171875 0.115234375 0.080078125
0 0.341796875 0.3876953125 0.12109375 0.072265625
0 0.34375 0.470703125 0.1171875 0.08203125
0 0.3447265625 0.55078125 0.107421875 0.078125
0 0.212890625 0.3115234375 0.1171875 0.083984375
0 0.2138671875 0.3955078125 0.119140625 0.080078125
0 0.2158203125 0.4716796875 0.123046875 0.064453125
0 0.2158203125 0.5439453125 0.126953125 0.064453125
0 0.212890625 0.6162109375 0.1171875 0.072265625
0 0.072265625 0.3154296875 0.140625 0.111328125
0 0.0712890625 0.4228515625 0.138671875 0.103515625
0 0.072265625 0.5283203125 0.140625 0.095703125
0 0.0712890625 0.63671875 0.138671875 0.10546875
