0 0.0830078125 0.0654296875 0.107421875 0.080078125
0 0.1923828125 0.064453125 0.103515625 0.078125
0 0.2939453125 0.06640625 0.095703125 0.08203125
0 0.3955078125 0.064453125 0.095703125 0.08203125
0 0.498046875 0.0625 0.08984375 0.078125
0 0.59375 0.0634765625 0.09765625 0.080078125
0 0.6962890625 0.0625 0.095703125 0.078125
0 0.796875 0.064453125 0.09765625 0.08203125
0 0.90234375 0.0654296875 0.109375 0.080078125
0 0.5166015625 0.154296875 0.103515625 0.08203125
0 0.619140625 0.1552734375 0.09765625 0.080078125
0 0.7109375 0.1513671875 0.078125 0.076171875
0 0.802734375 0.1533203125 0.09765625 0.083984375
0 0.9091796875 0.154296875 0.107421875 0.08203125
