0 0.1103515625 0.083984375 0.107421875 0.10546875
0 0.2216796875 0.0830078125 0.099609375 0.103515625
0 0.3173828125 0.08984375 0.080078125 0.0859375
0 0.416015625 0.0830078125 0.10546875 0.103515625
0 0.525390625 0.0849609375 0.09765625 0.103515625
0 0.62890625 0.0908203125 0.09375 0.091796875
0 0.7255859375 0.091796875 0.091796875 0.08984375
0 0.8203125 0.0908203125 0.0859375 0.091796875
0 0.9111328125 0.091796875 0.083984375 0.08984375
0 0.3330078125 0.216796875 0.197265625 0.13671875
0 0.537109375 0.2158203125 0.20703125 0.138671875
0 0.712890625 0.244140625 0.13671875 0.09375
0 0.1796875 0.3701171875 0.203125 0.146484375
0 0.3955078125 0.3720703125 0.205078125 0.142578125
0 0.609375 0.3701171875 0.1953125 0.142578125
0 0.8193359375 0.3720703125 0.197265625 0.142578125
