0 0.1494140625 0.1669921875 0.220703125 0.134765625
0 0.37890625 0.166015625 0.22265625 0.13671875
0 0.6064453125 0.16796875 0.220703125 0.13671875
0 0.83203125 0.1689453125 0.22265625 0.138671875
0 0.0986328125 0.30078125 0.107421875 0.1171875
0 0.2099609375 0.296875 0.107421875 0.1171875
0 0.3203125 0.2958984375 0.109375 0.115234375
0 0.43359375 0.2978515625 0.11328125 0.115234375
0 0.5478515625 0.2958984375 0.107421875 0.111328125
0 0.662109375 0.298828125 0.109375 0.11328125
0 0.7744140625 0.296875 0.107421875 0.11328125
0 0.888671875 0.2958984375 0.11328125 0.115234375
0 0.2314453125 0.41015625 0.134765625 0.078125
0 0.375 0.4091796875 0.14453125 0.072265625
0 0.5166015625 0.4111328125 0.126953125 0.068359375
0 0.650390625 0.4111328125 0.1328125 0.080078125
0 0.771484375 0.4111328125 0.1015625 0.080078125
