0 0.6259765625 0.06640625 0.150390625 0.0703125
0 0.6201171875 0.1572265625 0.123046875 0.064453125
0 0.623046875 0.24609375 0.1015625 0.09765625
0 0.623046875 0.3515625 0.13671875 0.08984375
0 0.47265625 0.1318359375 0.14453125 0.095703125
0 0.466796875 0.23046875 0.15625 0.09375
0 0.4658203125 0.3310546875 0.154296875 0.091796875
0 0.466796875 0.4306640625 0.16015625 0.095703125
0 0.470703125 0.525390625 0.15234375 0.078125
0 0.3046875 0.53515625 0.16796875 0.09765625
0 0.3037109375 0.63671875 0.169921875 0.09765625
