0 0.83203125 0.0712890625 0.2421875 0.134765625
0 0.8388671875 0.21875 0.236328125 0.140625
0 0.8291015625 0.3603515625 0.232421875 0.138671875
0 0.8310546875 0.5048828125 0.228515625 0.130859375
0 0.8310546875 0.64453125 0.240234375 0.140625
0 0.8330078125 0.7939453125 0.248046875 0.134765625
0 0.8251953125 0.9267578125 0.240234375 0.126953125
0 0.5830078125 0.318359375 0.177734375 0.1171875
0 0.5693359375 0.431640625 0.208984375 0.09765625
0 0.5712890625 0.5302734375 0.177734375 0.087890625
0 0.572265625 0.623046875 0.16796875 0.08984375
0 0.5751953125 0.7197265625 0.193359375 0.099609375
0 0.5693359375 0.828125 0.197265625 0.109375
0 0.572265625 0.9404296875 0.21484375 0.103515625
