0 0.8837890625 0.07421875 0.087890625 0.05859375
0 0.880859375 0.1328125 0.08984375 0.05859375
0 0.76953125 0.04296875 0.09765625 0.05859375
0 0.7705078125 0.1044921875 0.083984375 0.056640625
0 0.7724609375 0.1650390625 0.091796875 0.052734375
0 0.771484375 0.2216796875 0.09375 0.056640625
0 0.7724609375 0.28125 0.091796875 0.0546875
0 0.771484375 0.3310546875 0.06640625 0.037109375
0 0.7724609375 0.3818359375 0.095703125 0.056640625
0 0.7724609375 0.44140625 0.091796875 0.0546875
0 0.7734375 0.5 0.09375 0.05859375
0 0.7734375 0.5595703125 0.09375 0.056640625
