0 0.5166015625 0.1181640625 0.095703125 0.111328125
0 0.619140625 0.1162109375 0.09375 0.107421875
0 0.7216796875 0.1171875 0.095703125 0.10546875
0 0.8232421875 0.119140625 0.087890625 0.1015625
0 0.0947265625 0.23828125 0.099609375 0.109375
0 0.1962890625 0.236328125 0.091796875 0.09765625
0 0.296875 0.23828125 0.09375 0.09765625
0 0.3974609375 0.236328125 0.091796875 0.09765625
0 0.4921875 0.23828125 0.078125 0.1015625
0 0.58984375 0.236328125 0.09375 0.10546875
0 0.6884765625 0.236328125 0.091796875 0.1015625
0 0.7880859375 0.2373046875 0.087890625 0.111328125
0 0.8896484375 0.2412109375 0.091796875 0.107421875
