0 0.236328125 0.1943359375 0.10546875 0.080078125
0 0.2509765625 0.2724609375 0.091796875 0.068359375
0 0.2470703125 0.3369140625 0.099609375 0.048828125
0 0.236328125 0.4052734375 0.1015625 0.080078125
0 0.236328125 0.4912109375 0.12109375 0.083984375
0 0.236328125 0.580078125 0.1171875 0.0859375
0 0.1201171875 0.19140625 0.095703125 0.0859375
0 0.115234375 0.279296875 0.10546875 0.08203125
0 0.1123046875 0.36328125 0.095703125 0.0859375
0 0.1123046875 0.4521484375 0.123046875 0.080078125
0 0.115234375 0.53515625 0.1015625 0.08203125
