0 0.123046875 0.083984375 0.2109375 0.078125
0 0.3212890625 0.083984375 0.169921875 0.1015625
0 0.5107421875 0.0849609375 0.193359375 0.123046875
0 0.6962890625 0.0859375 0.169921875 0.12109375
0 0.884765625 0.0888671875 0.1796875 0.130859375
0 0.8896484375 0.2177734375 0.189453125 0.123046875
0 0.88671875 0.345703125 0.18359375 0.12109375
0 0.89453125 0.47265625 0.1875 0.125
0 0.888671875 0.6005859375 0.17578125 0.119140625
0 0.8857421875 0.72265625 0.181640625 0.1171875
0 0.8837890625 0.8447265625 0.181640625 0.111328125
