0 0.0634765625 0.1025390625 0.123046875 0.107421875
0 0.1982421875 0.1025390625 0.138671875 0.099609375
0 0.33984375 0.1015625 0.1328125 0.1015625
0 0.474609375 0.1015625 0.13671875 0.1015625
0 0.615234375 0.1025390625 0.1328125 0.103515625
0 0.7529296875 0.103515625 0.134765625 0.10546875
0 0.0458984375 0.2060546875 0.087890625 0.091796875
0 0.140625 0.20703125 0.09765625 0.09375
0 0.2392578125 0.2041015625 0.087890625 0.083984375
0 0.326171875 0.205078125 0.08203125 0.07421875
0 0.4130859375 0.2158203125 0.080078125 0.068359375
0 0.4970703125 0.208984375 0.091796875 0.0859375
0 0.59375 0.2099609375 0.08984375 0.095703125
0 0.7099609375 0.2060546875 0.068359375 0.080078125
0 0.7861328125 0.20703125 0.068359375 0.08203125
0 0.861328125 0.20703125 0.078125 0.08203125
0 0.939453125 0.208984375 0.0625 0.08203125
