0 0.2001953125 0.052734375 0.130859375 0.0859375
0 0.3310546875 0.0517578125 0.119140625 0.083984375
0 0.451171875 0.0517578125 0.109375 0.080078125
0 0.56640625 0.052734375 0.11328125 0.08203125
0 0.6875 0.05078125 0.109375 0.08203125
0 0.798828125 0.048828125 0.109375 0.0859375
0 0.2900390625 0.1513671875 0.150390625 0.099609375
0 0.4375 0.1474609375 0.1328125 0.107421875
0 0.5703125 0.150390625 0.125 0.10546875
0 0.7080078125 0.1513671875 0.146484375 0.091796875
0 0.0703125 0.251953125 0.125 0.09765625
0 0.208984375 0.25 0.140625 0.09765625
0 0.3447265625 0.2529296875 0.119140625 0.095703125
0 0.482421875 0.251953125 0.14453125 0.09375
0 0.6328125 0.251953125 0.1484375 0.08203125
0 0.779296875 0.24609375 0.1328125 0.0859375
0 0.927734375 0.2490234375 0.12890625 0.099609375
0 0.1689453125 0.34765625 0.130859375 0.08203125
0 0.29296875 0.3486328125 0.1171875 0.083984375
0 0.41015625 0.349609375 0.10546875 0.0703125
0 0.525390625 0.34765625 0.10546875 0.06640625
0 0.6298828125 0.35546875 0.083984375 0.0546875
0 0.7275390625 0.3486328125 0.099609375 0.072265625
0 0.84375 0.3486328125 0.10546875 0.072265625
