0 0.2216796875 0.08984375 0.146484375 0.046875
0 0.3720703125 0.0908203125 0.142578125 0.095703125
0 0.5263671875 0.08984375 0.142578125 0.09765625
0 0.6708984375 0.087890625 0.138671875 0.08984375
0 0.8193359375 0.091796875 0.142578125 0.09765625
0 0.091796875 0.1904296875 0.13671875 0.076171875
0 0.2353515625 0.197265625 0.130859375 0.09375
0 0.3662109375 0.1923828125 0.107421875 0.095703125
0 0.4970703125 0.1923828125 0.126953125 0.076171875
0 0.6396484375 0.1953125 0.119140625 0.078125
0 0.779296875 0.1962890625 0.13671875 0.091796875
0 0.927734375 0.1943359375 0.1328125 0.095703125
