0 0.1552734375 0.0869140625 0.087890625 0.060546875
0 0.24609375 0.0888671875 0.0859375 0.056640625
0 0.3330078125 0.087890625 0.087890625 0.0625
0 0.4208984375 0.0869140625 0.083984375 0.068359375
0 0.509765625 0.0888671875 0.0859375 0.068359375
0 0.59765625 0.0849609375 0.08203125 0.064453125
0 0.685546875 0.0849609375 0.078125 0.064453125
0 0.7705078125 0.0859375 0.091796875 0.0625
0 0.8544921875 0.0869140625 0.064453125 0.060546875
0 0.173828125 0.173828125 0.1171875 0.07421875
0 0.2880859375 0.1708984375 0.099609375 0.076171875
0 0.3955078125 0.173828125 0.103515625 0.078125
0 0.5068359375 0.169921875 0.107421875 0.07421875
0 0.6201171875 0.171875 0.111328125 0.08203125
0 0.73046875 0.1728515625 0.09375 0.072265625
0 0.8388671875 0.173828125 0.107421875 0.08203125
