0 0.064453125 0.044921875 0.08984375 0.0546875
0 0.1572265625 0.044921875 0.068359375 0.05859375
0 0.244140625 0.0458984375 0.09765625 0.064453125
0 0.341796875 0.0458984375 0.09765625 0.052734375
0 0.4404296875 0.0478515625 0.095703125 0.048828125
0 0.0947265625 0.1484375 0.146484375 0.1328125
0 0.2412109375 0.15234375 0.138671875 0.1328125
0 0.3876953125 0.15234375 0.142578125 0.13671875
0 0.56640625 0.15234375 0.125 0.125
0 0.6982421875 0.1552734375 0.126953125 0.130859375
0 0.9326171875 0.1552734375 0.115234375 0.123046875
0 0.1025390625 0.2744140625 0.115234375 0.080078125
0 0.22265625 0.2763671875 0.1171875 0.095703125
0 0.3388671875 0.2783203125 0.107421875 0.083984375
0 0.453125 0.279296875 0.12109375 0.0859375
