0 0.2431640625 0.1552734375 0.107421875 0.095703125
0 0.357421875 0.1552734375 0.109375 0.099609375
0 0.470703125 0.15625 0.109375 0.09375
0 0.583984375 0.1572265625 0.1171875 0.103515625
0 0.248046875 0.2548828125 0.109375 0.091796875
0 0.353515625 0.2578125 0.09765625 0.08984375
0 0.4443359375 0.2626953125 0.072265625 0.083984375
0 0.5439453125 0.255859375 0.111328125 0.09375
0 0.6474609375 0.2578125 0.095703125 0.06640625
0 0.7529296875 0.255859375 0.115234375 0.09765625
0 0.2490234375 0.3525390625 0.123046875 0.095703125
0 0.35546875 0.3720703125 0.0859375 0.076171875
0 0.4599609375 0.361328125 0.107421875 0.1015625
