0 0.8955078125 0.0751953125 0.103515625 0.064453125
0 0.8955078125 0.13671875 0.103515625 0.05859375
0 0.8955078125 0.201171875 0.111328125 0.05859375
0 0.8955078125 0.2646484375 0.103515625 0.064453125
0 0.892578125 0.357421875 0.109375 0.0625
0 0.8896484375 0.421875 0.103515625 0.0625
0 0.8896484375 0.486328125 0.115234375 0.05859375
0 0.890625 0.548828125 0.11328125 0.0625
0 0.888671875 0.61328125 0.078125 0.05859375
0 0.88671875 0.6767578125 0.1171875 0.060546875
0 0.8876953125 0.7421875 0.107421875 0.0625
0 0.8876953125 0.8095703125 0.107421875 0.064453125
0 0.8837890625 0.8759765625 0.115234375 0.064453125
