0 0.0380859375 0.2001953125 0.072265625 0.119140625
0 0.1142578125 0.2109375 0.076171875 0.109375
0 0.2001953125 0.2060546875 0.080078125 0.099609375
0 0.2890625 0.1943359375 0.08984375 0.115234375
0 0.375 0.2099609375 0.07421875 0.087890625
0 0.4814453125 0.1953125 0.068359375 0.1171875
0 0.56640625 0.1943359375 0.08984375 0.111328125
0 0.7412109375 0.193359375 0.087890625 0.12890625
0 0.8388671875 0.1953125 0.095703125 0.13671875
0 0.9296875 0.2021484375 0.0703125 0.087890625
0 0.2744140625 0.33203125 0.146484375 0.125
0 0.6787109375 0.3291015625 0.154296875 0.126953125
