0 0.3037109375 0.2451171875 0.119140625 0.083984375
0 0.4169921875 0.2470703125 0.099609375 0.087890625
0 0.5283203125 0.2451171875 0.099609375 0.083984375
0 0.642578125 0.24609375 0.11328125 0.0859375
0 0.7470703125 0.25 0.095703125 0.07421875
0 0.3515625 0.333984375 0.109375 0.078125
0 0.4619140625 0.337890625 0.099609375 0.08203125
0 0.55859375 0.3359375 0.0703125 0.078125
0 0.30078125 0.4228515625 0.109375 0.083984375
0 0.4130859375 0.42578125 0.103515625 0.078125
0 0.5263671875 0.4248046875 0.119140625 0.083984375
0 0.6416015625 0.4248046875 0.107421875 0.083984375
0 0.748046875 0.42578125 0.09375 0.0859375
0 0.3486328125 0.515625 0.095703125 0.078125
0 0.4423828125 0.5146484375 0.080078125 0.087890625
0 0.5283203125 0.5283203125 0.083984375 0.044921875
0 0.62109375 0.5166015625 0.09765625 0.080078125
