0 0.0927734375 0.1181640625 0.103515625 0.103515625
0 0.19921875 0.1181640625 0.09765625 0.095703125
0 0.3056640625 0.1171875 0.103515625 0.09765625
0 0.4296875 0.140625 0.07421875 0.05859375
0 0.4716796875 0.2294921875 0.107421875 0.095703125
0 0.578125 0.2275390625 0.07421875 0.091796875
0 0.6689453125 0.2314453125 0.091796875 0.099609375
0 0.7724609375 0.228515625 0.095703125 0.09375
0 0.890625 0.23046875 0.12109375 0.1015625
0 0.099609375 0.3681640625 0.15234375 0.095703125
0 0.25 0.37109375 0.140625 0.09375
0 0.3994140625 0.369140625 0.130859375 0.09765625
0 0.5546875 0.3642578125 0.15625 0.095703125
0 0.0869140625 0.4990234375 0.142578125 0.150390625
0 0.2392578125 0.4990234375 0.119140625 0.146484375
0 0.359375 0.4951171875 0.11328125 0.142578125
0 0.4990234375 0.494140625 0.134765625 0.140625
0 0.6513671875 0.5205078125 0.130859375 0.099609375
0 0.23046875 0.623046875 0.1484375 0.09765625
0 0.365234375 0.62890625 0.109375 0.07421875
0 0.4912109375 0.625 0.119140625 0.09375
0 0.630859375 0.6220703125 0.1328125 0.091796875
0 0.767578125 0.623046875 0.13671875 0.08984375
