0 0.21875 0.2216796875 0.2109375 0.138671875
0 0.4306640625 0.21484375 0.181640625 0.140625
0 0.6240234375 0.2197265625 0.173828125 0.119140625
0 0.2294921875 0.3623046875 0.208984375 0.130859375
0 0.4306640625 0.3515625 0.169921875 0.12109375
0 0.5908203125 0.357421875 0.142578125 0.125
0 0.76171875 0.3505859375 0.171875 0.126953125
0 0.2255859375 0.4921875 0.197265625 0.09375
0 0.412109375 0.4931640625 0.1484375 0.126953125
0 0.5625 0.4931640625 0.140625 0.119140625
0 0.7373046875 0.4873046875 0.193359375 0.099609375
