0 0.158203125 0.279296875 0.19921875 0.1328125
0 0.357421875 0.27734375 0.1953125 0.12890625
0 0.6171875 0.2734375 0.19140625 0.125
0 0.8134765625 0.275390625 0.193359375 0.1328125
0 0.1357421875 0.4208984375 0.138671875 0.134765625
0 0.283203125 0.4189453125 0.1484375 0.134765625
0 0.4150390625 0.4287109375 0.115234375 0.099609375
0 0.548828125 0.4169921875 0.140625 0.130859375
0 0.6962890625 0.4189453125 0.130859375 0.119140625
0 0.8359375 0.416015625 0.14453125 0.1328125
0 0.2578125 0.51953125 0.109375 0.05859375
0 0.37109375 0.51953125 0.10546875 0.0625
0 0.4814453125 0.517578125 0.111328125 0.0625
0 0.591796875 0.51953125 0.10546875 0.05859375
0 0.708984375 0.51953125 0.109375 0.06640625
