0 0.109375 0.1572265625 0.171875 0.146484375
0 0.30078125 0.1572265625 0.1640625 0.142578125
0 0.4873046875 0.1572265625 0.173828125 0.146484375
0 0.6796875 0.15625 0.1640625 0.140625
0 0.8701171875 0.1513671875 0.169921875 0.142578125
0 0.103515625 0.31640625 0.1640625 0.1484375
0 0.3662109375 0.314453125 0.169921875 0.140625
0 0.6142578125 0.314453125 0.169921875 0.14453125
0 0.8662109375 0.3125 0.177734375 0.1484375
0 0.2353515625 0.4833984375 0.169921875 0.119140625
0 0.404296875 0.4814453125 0.1640625 0.111328125
0 0.5751953125 0.4794921875 0.158203125 0.115234375
0 0.748046875 0.4794921875 0.1640625 0.115234375
0 0.3125 0.5908203125 0.08984375 0.072265625
0 0.4248046875 0.5810546875 0.115234375 0.076171875
0 0.5439453125 0.5849609375 0.111328125 0.080078125
0 0.6611328125 0.5830078125 0.115234375 0.076171875
0 0.2529296875 0.6689453125 0.126953125 0.083984375
0 0.376953125 0.6689453125 0.1171875 0.080078125
0 0.4970703125 0.66796875 0.099609375 0.078125
0 0.615234375 0.6669921875 0.1171875 0.076171875
0 0.7353515625 0.6669921875 0.115234375 0.083984375
