0 0.7626953125 0.1220703125 0.099609375 0.064453125
0 0.76171875 0.1884765625 0.1015625 0.064453125
0 0.7626953125 0.251953125 0.103515625 0.06640625
0 0.759765625 0.3173828125 0.10546875 0.064453125
0 0.76171875 0.37890625 0.1015625 0.0546875
0 0.76171875 0.44140625 0.1015625 0.0625
0 0.7587890625 0.5068359375 0.103515625 0.064453125
0 0.7607421875 0.5732421875 0.107421875 0.064453125
0 0.7607421875 0.638671875 0.107421875 0.0625
0 0.7587890625 0.7041015625 0.111328125 0.064453125
0 0.7607421875 0.7685546875 0.115234375 0.060546875
