0 0.9072265625 0.06640625 0.103515625 0.08203125
0 0.912109375 0.1513671875 0.12109375 0.080078125
0 0.9072265625 0.2353515625 0.111328125 0.083984375
0 0.744140625 0.0693359375 0.1171875 0.083984375
0 0.7431640625 0.1611328125 0.119140625 0.080078125
0 0.7412109375 0.2490234375 0.111328125 0.083984375
0 0.576171875 0.0712890625 0.125 0.080078125
0 0.5771484375 0.1591796875 0.099609375 0.083984375
0 0.412109375 0.068359375 0.12890625 0.0859375
0 0.4140625 0.158203125 0.1171875 0.078125
0 0.41015625 0.240234375 0.1171875 0.08203125
0 0.41015625 0.3271484375 0.1171875 0.076171875
0 0.220703125 0.0751953125 0.0703125 0.048828125
0 0.21875 0.123046875 0.06640625 0.046875
0 0.220703125 0.169921875 0.0625 0.04296875
0 0.2197265625 0.216796875 0.068359375 0.046875
0 0.2177734375 0.2607421875 0.056640625 0.041015625
0 0.2158203125 0.3037109375 0.064453125 0.041015625
0 0.2138671875 0.349609375 0.044921875 0.046875
