0 0.0693359375 0.107421875 0.134765625 0.1171875
0 0.2060546875 0.1064453125 0.111328125 0.119140625
0 0.3251953125 0.1044921875 0.103515625 0.115234375
0 0.455078125 0.109375 0.125 0.109375
0 0.0693359375 0.232421875 0.134765625 0.11328125
0 0.205078125 0.232421875 0.12890625 0.12109375
0 0.34375 0.2314453125 0.1328125 0.123046875
0 0.486328125 0.232421875 0.140625 0.12109375
0 0.6123046875 0.2431640625 0.107421875 0.091796875
0 0.0654296875 0.357421875 0.126953125 0.1171875
0 0.169921875 0.3681640625 0.0703125 0.095703125
0 0.2763671875 0.3583984375 0.130859375 0.119140625
