0 0.4091796875 0.0703125 0.076171875 0.0859375
0 0.548828125 0.0673828125 0.0859375 0.060546875
0 0.12109375 0.205078125 0.12109375 0.12109375
0 0.244140625 0.20703125 0.11328125 0.11328125
0 0.3642578125 0.201171875 0.115234375 0.12109375
0 0.482421875 0.19921875 0.109375 0.12109375
0 0.6025390625 0.2041015625 0.123046875 0.111328125
0 0.72265625 0.2021484375 0.11328125 0.123046875
0 0.8427734375 0.2041015625 0.119140625 0.119140625
0 0.119140625 0.333984375 0.125 0.11328125
0 0.2431640625 0.3369140625 0.115234375 0.119140625
0 0.36328125 0.333984375 0.109375 0.12109375
0 0.4853515625 0.3291015625 0.115234375 0.119140625
