0 0.275390625 0.2158203125 0.078125 0.068359375
0 0.359375 0.2138671875 0.07421875 0.072265625
0 0.4345703125 0.2158203125 0.060546875 0.060546875
0 0.5009765625 0.2138671875 0.064453125 0.068359375
0 0.572265625 0.2177734375 0.0703125 0.064453125
0 0.6474609375 0.216796875 0.068359375 0.06640625
0 0.72265625 0.2158203125 0.07421875 0.068359375
0 0.4609375 0.2822265625 0.078125 0.033203125
0 0.541015625 0.2822265625 0.06640625 0.044921875
0 0.451171875 0.3486328125 0.09375 0.068359375
0 0.5458984375 0.3486328125 0.095703125 0.064453125
