0 0.212890625 0.12890625 0.1171875 0.0625
0 0.2099609375 0.1923828125 0.111328125 0.060546875
0 0.212890625 0.2578125 0.1171875 0.0625
0 0.208984375 0.3125 0.08984375 0.046875
0 0.20703125 0.3603515625 0.09765625 0.044921875
0 0.2060546875 0.416015625 0.087890625 0.0546875
0 0.205078125 0.4677734375 0.08203125 0.048828125
0 0.2060546875 0.5283203125 0.115234375 0.060546875
0 0.2060546875 0.5849609375 0.080078125 0.052734375
0 0.20703125 0.6435546875 0.109375 0.060546875
0 0.2080078125 0.708984375 0.111328125 0.0625
0 0.208984375 0.7734375 0.11328125 0.0625
0 0.2099609375 0.8388671875 0.111328125 0.064453125
