0 0.111328125 0.1826171875 0.1171875 0.091796875
0 0.2314453125 0.1826171875 0.123046875 0.095703125
0 0.3486328125 0.1884765625 0.103515625 0.072265625
0 0.4599609375 0.181640625 0.115234375 0.09765625
0 0.5810546875 0.1865234375 0.107421875 0.068359375
0 0.7021484375 0.18359375 0.119140625 0.08984375
0 0.80078125 0.1845703125 0.0625 0.076171875
0 0.90234375 0.185546875 0.11328125 0.09375
0 0.1787109375 0.2685546875 0.056640625 0.052734375
0 0.2470703125 0.265625 0.060546875 0.0390625
0 0.3134765625 0.267578125 0.056640625 0.046875
0 0.3896484375 0.267578125 0.083984375 0.05859375
0 0.48046875 0.2685546875 0.08203125 0.060546875
0 0.5732421875 0.2705078125 0.083984375 0.064453125
0 0.6591796875 0.2685546875 0.076171875 0.068359375
0 0.736328125 0.2705078125 0.0703125 0.044921875
0 0.8212890625 0.2705078125 0.091796875 0.060546875
