0 0.853515625 0.0859375 0.1640625 0.11328125
0 0.8544921875 0.197265625 0.158203125 0.1015625
0 0.8603515625 0.3046875 0.173828125 0.10546875
0 0.8583984375 0.416015625 0.169921875 0.1015625
0 0.857421875 0.529296875 0.1640625 0.11328125
0 0.8564453125 0.6376953125 0.142578125 0.095703125
0 0.673828125 0.09375 0.1484375 0.11328125
0 0.68359375 0.1982421875 0.1171875 0.099609375
0 0.6787109375 0.294921875 0.134765625 0.08984375
0 0.6728515625 0.392578125 0.134765625 0.0859375
0 0.6845703125 0.5 0.126953125 0.10546875
