0 0.09375 0.177734375 0.109375 0.1015625
0 0.2255859375 0.1787109375 0.138671875 0.095703125
0 0.3681640625 0.1787109375 0.138671875 0.095703125
0 0.5087890625 0.1806640625 0.142578125 0.099609375
0 0.275390625 0.287109375 0.08203125 0.0546875
0 0.3583984375 0.2890625 0.072265625 0.0546875
0 0.4462890625 0.2880859375 0.091796875 0.060546875
0 0.5361328125 0.2890625 0.076171875 0.0625
0 0.6630859375 0.2822265625 0.115234375 0.083984375
0 0.7822265625 0.28515625 0.107421875 0.078125
0 0.900390625 0.28125 0.10546875 0.0703125
