0 0.2138671875 0.16796875 0.248046875 0.17578125
0 0.474609375 0.1591796875 0.26171875 0.189453125
0 0.666015625 0.1142578125 0.11328125 0.080078125
0 0.7919921875 0.11328125 0.126953125 0.08984375
0 0.9130859375 0.1201171875 0.099609375 0.068359375
0 0.66796875 0.2080078125 0.109375 0.080078125
0 0.791015625 0.208984375 0.11328125 0.07421875
0 0.9130859375 0.2109375 0.111328125 0.078125
0 0.1298828125 0.3134765625 0.095703125 0.103515625
0 0.224609375 0.3115234375 0.078125 0.099609375
0 0.306640625 0.3125 0.08203125 0.09765625
0 0.3955078125 0.3095703125 0.072265625 0.095703125
0 0.4931640625 0.3125 0.107421875 0.08984375
0 0.6240234375 0.3134765625 0.134765625 0.095703125
0 0.7666015625 0.3115234375 0.138671875 0.099609375
0 0.90625 0.3125 0.1328125 0.1015625
