0 0.35546875 0.1416015625 0.12109375 0.107421875
0 0.4912109375 0.1435546875 0.115234375 0.107421875
0 0.611328125 0.1552734375 0.09765625 0.080078125
0 0.701171875 0.15234375 0.06640625 0.08203125
0 0.8037109375 0.1455078125 0.119140625 0.099609375
0 0.9150390625 0.154296875 0.087890625 0.08203125
0 0.2783203125 0.2890625 0.138671875 0.12890625
0 0.4189453125 0.287109375 0.130859375 0.12109375
0 0.0908203125 0.4443359375 0.173828125 0.169921875
0 0.287109375 0.4443359375 0.18359375 0.173828125
0 0.482421875 0.4462890625 0.1796875 0.177734375
0 0.6826171875 0.447265625 0.181640625 0.16796875
0 0.884765625 0.4462890625 0.19140625 0.177734375
