0 0.2744140625 0.4208984375 0.099609375 0.072265625
0 0.3671875 0.4208984375 0.08203125 0.072265625
0 0.4619140625 0.419921875 0.091796875 0.078125
0 0.5595703125 0.4150390625 0.095703125 0.064453125
0 0.6533203125 0.4248046875 0.083984375 0.072265625
0 0.7451171875 0.4208984375 0.091796875 0.064453125
0 0.318359375 0.5107421875 0.1015625 0.076171875
0 0.4228515625 0.5078125 0.099609375 0.078125
0 0.521484375 0.50390625 0.08203125 0.07421875
0 0.6103515625 0.5078125 0.087890625 0.0703125
0 0.6962890625 0.509765625 0.080078125 0.0703125
