0 0.8193359375 0.0888671875 0.115234375 0.068359375
0 0.8212890625 0.15234375 0.107421875 0.05078125
0 0.8232421875 0.216796875 0.123046875 0.0703125
0 0.8232421875 0.2890625 0.115234375 0.0703125
0 0.8232421875 0.36328125 0.123046875 0.0703125
0 0.6767578125 0.087890625 0.076171875 0.05859375
0 0.681640625 0.1455078125 0.11328125 0.052734375
0 0.6787109375 0.2001953125 0.107421875 0.044921875
0 0.6962890625 0.2490234375 0.064453125 0.048828125
0 0.6806640625 0.3095703125 0.095703125 0.064453125
0 0.6796875 0.375 0.109375 0.05859375
0 0.6884765625 0.4296875 0.072265625 0.04296875
0 0.6796875 0.4775390625 0.109375 0.052734375
0 0.681640625 0.544921875 0.125 0.0703125
