0 0.1064453125 0.1005859375 0.076171875 0.064453125
0 0.1904296875 0.103515625 0.068359375 0.05859375
0 0.2705078125 0.1025390625 0.072265625 0.048828125
0 0.3583984375 0.103515625 0.087890625 0.0625
0 0.44140625 0.0986328125 0.078125 0.068359375
0 0.5283203125 0.099609375 0.060546875 0.0625
0 0.1279296875 0.203125 0.107421875 0.09765625
0 0.23828125 0.197265625 0.1015625 0.08203125
0 0.3271484375 0.2001953125 0.068359375 0.087890625
0 0.4013671875 0.1982421875 0.064453125 0.095703125
0 0.53125 0.19140625 0.18359375 0.08984375
0 0.708984375 0.2041015625 0.16015625 0.126953125
0 0.859375 0.2294921875 0.125 0.099609375
