0 0.5537109375 0.13671875 0.138671875 0.09375
0 0.548828125 0.2265625 0.14453125 0.078125
0 0.5546875 0.314453125 0.1328125 0.08203125
0 0.5517578125 0.4033203125 0.134765625 0.091796875
0 0.55078125 0.4951171875 0.125 0.087890625
0 0.3984375 0.1767578125 0.10546875 0.076171875
0 0.3994140625 0.265625 0.134765625 0.08984375
0 0.3955078125 0.3583984375 0.126953125 0.060546875
0 0.3935546875 0.4423828125 0.103515625 0.064453125
0 0.3935546875 0.5283203125 0.142578125 0.091796875
0 0.3935546875 0.6220703125 0.134765625 0.083984375
