0 0.0888671875 0.0888671875 0.083984375 0.119140625
0 0.171875 0.087890625 0.0859375 0.109375
0 0.255859375 0.0888671875 0.07421875 0.115234375
0 0.3408203125 0.087890625 0.080078125 0.125
0 0.423828125 0.0849609375 0.08984375 0.123046875
0 0.5048828125 0.05859375 0.056640625 0.0546875
0 0.572265625 0.056640625 0.046875 0.05078125
0 0.5078125 0.1181640625 0.05078125 0.048828125
0 0.572265625 0.119140625 0.046875 0.046875
0 0.6533203125 0.0888671875 0.087890625 0.119140625
0 0.7431640625 0.0859375 0.076171875 0.1171875
0 0.8251953125 0.083984375 0.076171875 0.1171875
0 0.91015625 0.083984375 0.08203125 0.12109375
