0 0.1435546875 0.0966796875 0.267578125 0.169921875
0 0.05078125 0.220703125 0.09765625 0.0625
0 0.1533203125 0.2197265625 0.103515625 0.064453125
0 0.2587890625 0.21875 0.099609375 0.0625
0 0.3603515625 0.2197265625 0.091796875 0.068359375
0 0.541015625 0.197265625 0.1328125 0.09375
0 0.6982421875 0.2001953125 0.119140625 0.087890625
0 0.859375 0.2001953125 0.12109375 0.091796875
0 0.1240234375 0.3935546875 0.244140625 0.189453125
0 0.3740234375 0.3955078125 0.248046875 0.205078125
0 0.6201171875 0.39453125 0.236328125 0.203125
0 0.869140625 0.400390625 0.21875 0.203125
