0 0.8662109375 0.099609375 0.185546875 0.140625
0 0.8623046875 0.2412109375 0.193359375 0.126953125
0 0.861328125 0.375 0.1953125 0.12109375
0 0.865234375 0.50390625 0.19140625 0.125
0 0.8603515625 0.6416015625 0.189453125 0.123046875
0 0.861328125 0.7763671875 0.2109375 0.134765625
0 0.6591796875 0.1005859375 0.193359375 0.134765625
0 0.6533203125 0.2353515625 0.197265625 0.130859375
0 0.6533203125 0.376953125 0.197265625 0.13671875
0 0.650390625 0.51171875 0.1875 0.12890625
0 0.65234375 0.6484375 0.19921875 0.125
