0 0.0810546875 0.076171875 0.099609375 0.07421875
0 0.181640625 0.0791015625 0.0859375 0.076171875
0 0.275390625 0.076171875 0.0703125 0.078125
0 0.3701171875 0.080078125 0.095703125 0.078125
0 0.4775390625 0.0810546875 0.099609375 0.091796875
0 0.5859375 0.0791015625 0.08984375 0.076171875
0 0.693359375 0.0810546875 0.10546875 0.076171875
0 0.7998046875 0.0791015625 0.091796875 0.080078125
0 0.3662109375 0.181640625 0.099609375 0.0703125
0 0.474609375 0.1796875 0.09765625 0.07421875
0 0.5771484375 0.1806640625 0.091796875 0.076171875
0 0.6865234375 0.1806640625 0.095703125 0.072265625
0 0.79296875 0.1826171875 0.10546875 0.080078125
0 0.90234375 0.1826171875 0.1015625 0.083984375
