0 0.4013671875 0.14453125 0.111328125 0.07421875
0 0.599609375 0.1435546875 0.12109375 0.076171875
0 0.2578125 0.2265625 0.125 0.0859375
0 0.3779296875 0.2265625 0.103515625 0.0859375
0 0.4951171875 0.23046875 0.119140625 0.0859375
0 0.61328125 0.2294921875 0.09765625 0.087890625
0 0.7333984375 0.2294921875 0.107421875 0.076171875
0 0.1279296875 0.3466796875 0.166015625 0.123046875
0 0.3251953125 0.3466796875 0.154296875 0.138671875
0 0.5029296875 0.34765625 0.181640625 0.13671875
0 0.8564453125 0.3486328125 0.169921875 0.134765625
