0 0.865234375 0.068359375 0.140625 0.08984375
0 0.873046875 0.154296875 0.125 0.07421875
0 0.875 0.2314453125 0.10546875 0.072265625
0 0.8701171875 0.3291015625 0.138671875 0.087890625
0 0.8701171875 0.412109375 0.099609375 0.078125
0 0.8701171875 0.486328125 0.142578125 0.06640625
0 0.8740234375 0.5595703125 0.107421875 0.072265625
0 0.724609375 0.1806640625 0.15625 0.080078125
0 0.724609375 0.2646484375 0.140625 0.083984375
0 0.7275390625 0.3505859375 0.134765625 0.080078125
0 0.7275390625 0.435546875 0.134765625 0.08203125
0 0.724609375 0.5205078125 0.09765625 0.080078125
