0 0.5859375 0.07421875 0.2109375 0.125
0 0.583984375 0.1806640625 0.17578125 0.072265625
0 0.5869140625 0.2734375 0.181640625 0.09375
0 0.5888671875 0.392578125 0.197265625 0.13671875
0 0.5947265625 0.5322265625 0.197265625 0.130859375
0 0.5859375 0.6552734375 0.19921875 0.107421875
0 0.380859375 0.06640625 0.1484375 0.1171875
0 0.380859375 0.2001953125 0.2109375 0.119140625
0 0.3828125 0.3251953125 0.171875 0.123046875
0 0.375 0.4609375 0.22265625 0.1484375
0 0.380859375 0.603515625 0.11328125 0.1328125
