0 0.1376953125 0.1630859375 0.189453125 0.134765625
0 0.330078125 0.1640625 0.18359375 0.13671875
0 0.517578125 0.1650390625 0.1796875 0.138671875
0 0.70703125 0.162109375 0.17578125 0.13671875
0 0.8759765625 0.173828125 0.150390625 0.09765625
0 0.1328125 0.310546875 0.19140625 0.13671875
0 0.32421875 0.3076171875 0.1796875 0.138671875
0 0.5107421875 0.3115234375 0.181640625 0.142578125
0 0.703125 0.30859375 0.1796875 0.140625
0 0.8671875 0.3154296875 0.1171875 0.107421875
0 0.482421875 0.46484375 0.1171875 0.1015625
0 0.60546875 0.46484375 0.1171875 0.1015625
0 0.7314453125 0.4619140625 0.119140625 0.099609375
0 0.857421875 0.4638671875 0.12109375 0.111328125
0 0.5498046875 0.5654296875 0.115234375 0.091796875
0 0.6650390625 0.5634765625 0.103515625 0.087890625
0 0.787109375 0.5673828125 0.109375 0.099609375
