0 0.109375 0.06640625 0.125 0.1015625
0 0.248046875 0.0712890625 0.1328125 0.095703125
0 0.3876953125 0.0693359375 0.142578125 0.095703125
0 0.5205078125 0.0693359375 0.123046875 0.095703125
0 0.6533203125 0.0693359375 0.142578125 0.099609375
0 0.7958984375 0.0712890625 0.138671875 0.091796875
0 0.9267578125 0.072265625 0.107421875 0.09765625
0 0.1103515625 0.1630859375 0.119140625 0.080078125
0 0.2275390625 0.1650390625 0.115234375 0.080078125
0 0.3466796875 0.1650390625 0.111328125 0.080078125
0 0.4580078125 0.1640625 0.103515625 0.08203125
0 0.568359375 0.166015625 0.10546875 0.078125
0 0.681640625 0.1650390625 0.109375 0.080078125
0 0.79296875 0.1669921875 0.10546875 0.080078125
0 0.90234375 0.1669921875 0.1015625 0.083984375
