0 0.3662109375 0.19921875 0.080078125 0.05859375
0 0.4482421875 0.1982421875 0.080078125 0.052734375
0 0.5283203125 0.2001953125 0.072265625 0.056640625
0 0.60546875 0.19921875 0.08203125 0.0546875
0 0.6845703125 0.201171875 0.076171875 0.05859375
0 0.4072265625 0.265625 0.080078125 0.05859375
0 0.4873046875 0.265625 0.076171875 0.05859375
0 0.5673828125 0.267578125 0.076171875 0.0546875
0 0.6484375 0.265625 0.08203125 0.05859375
0 0.2998046875 0.33203125 0.083984375 0.05859375
0 0.3798828125 0.3310546875 0.076171875 0.060546875
0 0.45703125 0.3291015625 0.078125 0.056640625
0 0.5380859375 0.3310546875 0.083984375 0.060546875
0 0.60546875 0.3310546875 0.05078125 0.037109375
0 0.6689453125 0.330078125 0.080078125 0.05859375
0 0.7529296875 0.3291015625 0.080078125 0.060546875
