0 0.1552734375 0.146484375 0.146484375 0.1015625
0 0.30078125 0.1474609375 0.125 0.107421875
0 0.4228515625 0.14453125 0.087890625 0.1171875
0 0.5458984375 0.1455078125 0.130859375 0.111328125
0 0.6826171875 0.1591796875 0.123046875 0.072265625
0 0.8134765625 0.14453125 0.134765625 0.10546875
0 0.15625 0.265625 0.15234375 0.109375
0 0.3203125 0.2705078125 0.1484375 0.115234375
0 0.48046875 0.2666015625 0.15625 0.107421875
0 0.6416015625 0.2685546875 0.150390625 0.115234375
0 0.80859375 0.265625 0.15625 0.109375
0 0.134765625 0.396484375 0.17578125 0.12109375
0 0.310546875 0.3984375 0.1640625 0.12109375
0 0.4794921875 0.3994140625 0.169921875 0.123046875
0 0.6513671875 0.3974609375 0.169921875 0.119140625
0 0.8310546875 0.39453125 0.169921875 0.1171875
