0 0.4921875 0.07421875 0.1015625 0.10546875
0 0.6044921875 0.076171875 0.099609375 0.1015625
0 0.712890625 0.078125 0.10546875 0.10546875
0 0.818359375 0.078125 0.1015625 0.109375
0 0.9306640625 0.0810546875 0.103515625 0.115234375
0 0.0537109375 0.1787109375 0.099609375 0.083984375
0 0.1494140625 0.181640625 0.087890625 0.08203125
0 0.0498046875 0.2763671875 0.095703125 0.091796875
0 0.1484375 0.2763671875 0.08984375 0.087890625
0 0.298828125 0.2314453125 0.18359375 0.185546875
0 0.4951171875 0.2333984375 0.177734375 0.185546875
0 0.6923828125 0.234375 0.177734375 0.1875
0 0.88671875 0.2333984375 0.19921875 0.177734375
0 0.0888671875 0.4287109375 0.169921875 0.189453125
0 0.26953125 0.42578125 0.171875 0.19140625
0 0.5146484375 0.431640625 0.177734375 0.19140625
0 0.6962890625 0.4326171875 0.173828125 0.189453125
0 0.8876953125 0.4306640625 0.189453125 0.197265625
