0 0.0869140625 0.1865234375 0.087890625 0.076171875
0 0.1728515625 0.1875 0.080078125 0.078125
0 0.24609375 0.185546875 0.05859375 0.08984375
0 0.322265625 0.185546875 0.08203125 0.0859375
0 0.408203125 0.19921875 0.078125 0.046875
0 0.4921875 0.189453125 0.078125 0.078125
0 0.59375 0.1884765625 0.10546875 0.087890625
0 0.7060546875 0.1875 0.103515625 0.08984375
0 0.810546875 0.189453125 0.10546875 0.08984375
0 0.9140625 0.197265625 0.08203125 0.0625
0 0.1240234375 0.2978515625 0.162109375 0.123046875
0 0.2998046875 0.2978515625 0.169921875 0.123046875
