0 0.28125 0.2744140625 0.109375 0.080078125
0 0.400390625 0.2724609375 0.109375 0.087890625
0 0.5703125 0.2734375 0.1171875 0.08984375
0 0.6904296875 0.2724609375 0.119140625 0.091796875
0 0.1015625 0.3720703125 0.125 0.087890625
0 0.2255859375 0.3701171875 0.107421875 0.083984375
0 0.3427734375 0.369140625 0.115234375 0.0859375
0 0.4619140625 0.373046875 0.115234375 0.08984375
0 0.5810546875 0.3720703125 0.115234375 0.083984375
0 0.6845703125 0.3798828125 0.080078125 0.060546875
0 0.791015625 0.3720703125 0.11328125 0.083984375
0 0.9091796875 0.3740234375 0.119140625 0.087890625
