0 0.09375 0.255859375 0.08984375 0.05859375
0 0.1845703125 0.2548828125 0.083984375 0.060546875
0 0.2626953125 0.25390625 0.072265625 0.0546875
0 0.3447265625 0.255859375 0.072265625 0.0625
0 0.419921875 0.2529296875 0.06640625 0.056640625
0 0.4931640625 0.2529296875 0.083984375 0.056640625
0 0.580078125 0.251953125 0.08203125 0.05078125
0 0.1484375 0.3564453125 0.19921875 0.126953125
0 0.3642578125 0.353515625 0.201171875 0.1328125
0 0.5478515625 0.35546875 0.154296875 0.12890625
0 0.1474609375 0.4921875 0.197265625 0.1328125
0 0.3486328125 0.4912109375 0.166015625 0.123046875
0 0.5185546875 0.4990234375 0.173828125 0.099609375
0 0.701171875 0.4951171875 0.14453125 0.138671875
0 0.86328125 0.4921875 0.16796875 0.12890625
