0 0.2470703125 0.068359375 0.107421875 0.11328125
0 0.24609375 0.1767578125 0.09375 0.103515625
0 0.25 0.2685546875 0.140625 0.080078125
0 0.2490234375 0.36328125 0.166015625 0.1015625
0 0.2431640625 0.4609375 0.142578125 0.0703125
0 0.248046875 0.5478515625 0.1328125 0.095703125
0 0.24609375 0.6376953125 0.109375 0.080078125
0 0.0927734375 0.06640625 0.150390625 0.1015625
0 0.0888671875 0.154296875 0.095703125 0.05859375
0 0.0986328125 0.236328125 0.142578125 0.0859375
0 0.08984375 0.373046875 0.1328125 0.08984375
0 0.099609375 0.466796875 0.1015625 0.08203125
0 0.0927734375 0.5478515625 0.103515625 0.064453125
0 0.0966796875 0.6318359375 0.146484375 0.091796875
