0 0.07421875 0.2431640625 0.140625 0.103515625
0 0.21484375 0.2421875 0.1171875 0.10546875
0 0.33203125 0.240234375 0.09375 0.09375
0 0.45703125 0.2470703125 0.13671875 0.076171875
0 0.0634765625 0.3505859375 0.119140625 0.095703125
0 0.193359375 0.3525390625 0.125 0.107421875
0 0.3203125 0.357421875 0.1015625 0.10546875
0 0.4345703125 0.359375 0.115234375 0.078125
0 0.5732421875 0.3544921875 0.130859375 0.111328125
0 0.7158203125 0.3505859375 0.126953125 0.115234375
0 0.8310546875 0.35546875 0.076171875 0.109375
0 0.9345703125 0.359375 0.126953125 0.08203125
0 0.0908203125 0.48046875 0.177734375 0.125
0 0.2724609375 0.4794921875 0.169921875 0.126953125
