0 0.083984375 0.2080078125 0.09765625 0.076171875
0 0.1904296875 0.20703125 0.091796875 0.07421875
0 0.2958984375 0.205078125 0.095703125 0.07421875
0 0.4013671875 0.2060546875 0.099609375 0.072265625
0 0.50390625 0.20703125 0.08984375 0.07421875
0 0.6083984375 0.205078125 0.095703125 0.06640625
0 0.7109375 0.2041015625 0.09375 0.072265625
0 0.8125 0.205078125 0.09375 0.0703125
0 0.9189453125 0.20703125 0.087890625 0.06640625
0 0.138671875 0.3583984375 0.2421875 0.173828125
0 0.3876953125 0.3603515625 0.232421875 0.173828125
0 0.6201171875 0.3583984375 0.216796875 0.173828125
0 0.861328125 0.3603515625 0.22265625 0.169921875
0 0.1318359375 0.5380859375 0.205078125 0.130859375
0 0.33203125 0.5400390625 0.1875 0.130859375
