0 0.248046875 0.080078125 0.0625 0.0703125
0 0.314453125 0.0947265625 0.06640625 0.044921875
0 0.3837890625 0.08203125 0.068359375 0.07421875
0 0.4599609375 0.0830078125 0.072265625 0.064453125
0 0.5341796875 0.08203125 0.064453125 0.07421875
0 0.61328125 0.08203125 0.078125 0.0703125
0 0.259765625 0.1943359375 0.08203125 0.083984375
0 0.3486328125 0.197265625 0.080078125 0.078125
0 0.4306640625 0.20703125 0.068359375 0.07421875
0 0.513671875 0.19921875 0.09765625 0.07421875
0 0.611328125 0.1962890625 0.09765625 0.095703125
0 0.8037109375 0.19921875 0.091796875 0.08984375
