0 0.115234375 0.080078125 0.20703125 0.10546875
0 0.341796875 0.080078125 0.21875 0.11328125
0 0.5693359375 0.0810546875 0.232421875 0.115234375
0 0.0869140625 0.173828125 0.150390625 0.0625
0 0.25 0.17578125 0.1484375 0.06640625
0 0.412109375 0.1748046875 0.15625 0.068359375
0 0.580078125 0.177734375 0.15625 0.05859375
0 0.091796875 0.2685546875 0.1796875 0.107421875
0 0.28125 0.2666015625 0.17578125 0.107421875
0 0.4638671875 0.2666015625 0.173828125 0.107421875
0 0.65625 0.267578125 0.18359375 0.109375
0 0.8525390625 0.26953125 0.185546875 0.11328125
