0 0.107421875 0.1083984375 0.109375 0.076171875
0 0.21875 0.1103515625 0.1015625 0.080078125
0 0.3330078125 0.1103515625 0.099609375 0.080078125
0 0.4501953125 0.1142578125 0.111328125 0.076171875
0 0.56640625 0.1123046875 0.109375 0.083984375
0 0.6826171875 0.109375 0.115234375 0.0859375
0 0.8056640625 0.11328125 0.115234375 0.08984375
0 0.10546875 0.1904296875 0.109375 0.076171875
0 0.2216796875 0.1943359375 0.111328125 0.076171875
0 0.3359375 0.193359375 0.109375 0.078125
0 0.4541015625 0.1953125 0.103515625 0.078125
0 0.5751953125 0.193359375 0.115234375 0.078125
0 0.1005859375 0.2724609375 0.107421875 0.083984375
0 0.2109375 0.2734375 0.1015625 0.07421875
0 0.3251953125 0.2724609375 0.115234375 0.076171875
