0 0.275390625 0.091796875 0.12890625 0.08984375
0 0.41015625 0.0888671875 0.12890625 0.083984375
0 0.5478515625 0.0888671875 0.123046875 0.087890625
0 0.681640625 0.091796875 0.12890625 0.08984375
0 0.1103515625 0.2060546875 0.169921875 0.115234375
0 0.2939453125 0.20703125 0.154296875 0.12890625
0 0.4716796875 0.2041015625 0.177734375 0.126953125
0 0.8603515625 0.2021484375 0.185546875 0.130859375
0 0.1904296875 0.314453125 0.103515625 0.078125
0 0.30078125 0.3125 0.10546875 0.0703125
0 0.4130859375 0.3125 0.107421875 0.078125
0 0.572265625 0.3115234375 0.109375 0.080078125
0 0.681640625 0.3095703125 0.1015625 0.076171875
0 0.7919921875 0.3125 0.107421875 0.078125
