0 0.0986328125 0.21875 0.119140625 0.08984375
0 0.21875 0.220703125 0.11328125 0.08984375
0 0.337890625 0.2236328125 0.11328125 0.087890625
0 0.458984375 0.2216796875 0.125 0.091796875
0 0.1025390625 0.3251953125 0.123046875 0.087890625
0 0.2236328125 0.3291015625 0.119140625 0.056640625
0 0.345703125 0.3251953125 0.11328125 0.068359375
0 0.4560546875 0.32421875 0.095703125 0.078125
0 0.5595703125 0.3271484375 0.111328125 0.080078125
0 0.6611328125 0.3271484375 0.083984375 0.076171875
0 0.759765625 0.3251953125 0.1015625 0.080078125
