0 0.0888671875 0.0625 0.169921875 0.11328125
0 0.2626953125 0.0634765625 0.169921875 0.115234375
0 0.0849609375 0.1767578125 0.146484375 0.091796875
0 0.22265625 0.1767578125 0.12109375 0.103515625
0 0.357421875 0.177734375 0.11328125 0.1015625
0 0.4990234375 0.17578125 0.146484375 0.09375
0 0.6455078125 0.17578125 0.130859375 0.09765625
0 0.7724609375 0.1845703125 0.103515625 0.091796875
0 0.078125 0.283203125 0.140625 0.08984375
0 0.3759765625 0.2822265625 0.154296875 0.103515625
0 0.521484375 0.2822265625 0.1328125 0.095703125
0 0.650390625 0.291015625 0.1015625 0.0859375
0 0.7724609375 0.283203125 0.134765625 0.09375
0 0.921875 0.2822265625 0.140625 0.107421875
