0 0.1298828125 0.0732421875 0.103515625 0.076171875
0 0.2333984375 0.072265625 0.099609375 0.078125
0 0.3359375 0.0732421875 0.1015625 0.076171875
0 0.439453125 0.0732421875 0.09765625 0.076171875
0 0.5419921875 0.0732421875 0.099609375 0.080078125
0 0.6484375 0.072265625 0.1015625 0.078125
0 0.12890625 0.1494140625 0.09375 0.064453125
0 0.224609375 0.1513671875 0.08984375 0.072265625
0 0.318359375 0.150390625 0.0859375 0.0703125
0 0.4130859375 0.1484375 0.087890625 0.0703125
0 0.5166015625 0.1513671875 0.103515625 0.076171875
