0 0.08984375 0.076171875 0.16015625 0.12109375
0 0.25 0.0712890625 0.12890625 0.134765625
0 0.4140625 0.072265625 0.1640625 0.1328125
0 0.6005859375 0.0751953125 0.177734375 0.123046875
0 0.7548828125 0.0771484375 0.111328125 0.107421875
0 0.078125 0.2099609375 0.15234375 0.126953125
0 0.2451171875 0.2099609375 0.158203125 0.123046875
0 0.4169921875 0.208984375 0.158203125 0.12109375
0 0.583984375 0.216796875 0.15234375 0.11328125
0 0.0791015625 0.3505859375 0.154296875 0.115234375
0 0.2421875 0.3525390625 0.15234375 0.115234375
0 0.41015625 0.3466796875 0.1484375 0.119140625
0 0.5615234375 0.3486328125 0.142578125 0.099609375
0 0.7236328125 0.3544921875 0.138671875 0.103515625
0 0.8828125 0.35546875 0.1484375 0.1015625
