0 0.1396484375 0.1083984375 0.228515625 0.166015625
0 0.3779296875 0.1103515625 0.224609375 0.166015625
0 0.6181640625 0.1083984375 0.232421875 0.173828125
0 0.8515625 0.1142578125 0.20703125 0.158203125
0 0.13671875 0.330078125 0.25 0.16015625
0 0.3828125 0.330078125 0.234375 0.1640625
0 0.6162109375 0.33203125 0.208984375 0.16015625
0 0.857421875 0.3271484375 0.2265625 0.166015625
0 0.1357421875 0.5419921875 0.236328125 0.142578125
0 0.37109375 0.5419921875 0.19921875 0.150390625
0 0.595703125 0.5419921875 0.21484375 0.146484375
0 0.84375 0.54296875 0.23828125 0.15234375
