0 0.0732421875 0.0859375 0.083984375 0.1171875
0 0.162109375 0.0908203125 0.0859375 0.119140625
0 0.251953125 0.0859375 0.08984375 0.12109375
0 0.345703125 0.0869140625 0.0859375 0.126953125
0 0.4228515625 0.1015625 0.060546875 0.078125
0 0.49609375 0.0869140625 0.08984375 0.119140625
0 0.591796875 0.0859375 0.0859375 0.1171875
0 0.6806640625 0.087890625 0.080078125 0.109375
0 0.7685546875 0.08203125 0.076171875 0.1171875
0 0.845703125 0.09765625 0.0625 0.0859375
0 0.927734375 0.0859375 0.08203125 0.1171875
