0 0.1455078125 0.0947265625 0.189453125 0.150390625
0 0.333984375 0.091796875 0.16796875 0.1484375
0 0.5029296875 0.095703125 0.162109375 0.13671875
0 0.8486328125 0.09765625 0.166015625 0.1328125
0 0.1611328125 0.224609375 0.091796875 0.06640625
0 0.2509765625 0.22265625 0.076171875 0.0625
0 0.3408203125 0.224609375 0.083984375 0.06640625
0 0.4296875 0.2255859375 0.08203125 0.064453125
0 0.57421875 0.2265625 0.08984375 0.0703125
0 0.65234375 0.2275390625 0.06640625 0.068359375
0 0.7314453125 0.2275390625 0.083984375 0.072265625
0 0.8232421875 0.224609375 0.087890625 0.06640625
0 0.1630859375 0.3515625 0.208984375 0.1484375
0 0.3798828125 0.349609375 0.224609375 0.1484375
0 0.6025390625 0.34765625 0.205078125 0.14453125
0 0.8203125 0.3505859375 0.21875 0.150390625
