0 0.8720703125 0.072265625 0.208984375 0.1328125
0 0.8759765625 0.2138671875 0.205078125 0.134765625
0 0.8857421875 0.3544921875 0.201171875 0.126953125
0 0.8828125 0.4970703125 0.19140625 0.142578125
0 0.662109375 0.0732421875 0.203125 0.130859375
0 0.662109375 0.2119140625 0.19921875 0.130859375
0 0.666015625 0.34765625 0.19921875 0.12890625
0 0.6611328125 0.494140625 0.208984375 0.125
0 0.6669921875 0.603515625 0.126953125 0.0859375
0 0.4462890625 0.076171875 0.201171875 0.13671875
0 0.44140625 0.2119140625 0.19921875 0.130859375
0 0.4560546875 0.32421875 0.111328125 0.09375
0 0.44921875 0.44140625 0.21875 0.140625
0 0.4443359375 0.5849609375 0.189453125 0.130859375
0 0.4453125 0.6982421875 0.1484375 0.087890625
0 0.26171875 0.05078125 0.13671875 0.08984375
0 0.26171875 0.1435546875 0.13671875 0.083984375
0 0.2626953125 0.228515625 0.134765625 0.08984375
0 0.2626953125 0.326171875 0.134765625 0.09375
