0 0.8740234375 0.0595703125 0.107421875 0.080078125
0 0.8740234375 0.1416015625 0.119140625 0.076171875
0 0.873046875 0.220703125 0.109375 0.078125
0 0.740234375 0.0576171875 0.11328125 0.076171875
0 0.740234375 0.134765625 0.11328125 0.0703125
0 0.740234375 0.2119140625 0.1015625 0.072265625
0 0.7373046875 0.2900390625 0.130859375 0.080078125
0 0.7353515625 0.375 0.111328125 0.07421875
0 0.734375 0.4560546875 0.1015625 0.072265625
0 0.6025390625 0.0576171875 0.119140625 0.068359375
0 0.6044921875 0.134765625 0.115234375 0.07421875
0 0.60546875 0.21484375 0.11328125 0.078125
0 0.599609375 0.2978515625 0.1171875 0.080078125
0 0.603515625 0.376953125 0.11328125 0.0703125
0 0.6025390625 0.458984375 0.099609375 0.07421875
0 0.4677734375 0.056640625 0.095703125 0.078125
0 0.470703125 0.1396484375 0.10546875 0.080078125
