0 0.15234375 0.142578125 0.125 0.16015625
0 0.2880859375 0.1416015625 0.130859375 0.150390625
0 0.4208984375 0.138671875 0.107421875 0.1640625
0 0.521484375 0.185546875 0.0859375 0.0625
0 0.6103515625 0.173828125 0.083984375 0.09375
0 0.7001953125 0.17578125 0.087890625 0.08203125
0 0.7998046875 0.1728515625 0.087890625 0.091796875
0 0.8837890625 0.177734375 0.064453125 0.08984375
0 0.1220703125 0.27734375 0.119140625 0.0859375
0 0.2412109375 0.2763671875 0.103515625 0.064453125
0 0.353515625 0.28125 0.11328125 0.0546875
0 0.4443359375 0.279296875 0.052734375 0.08984375
0 0.5283203125 0.27734375 0.095703125 0.08203125
0 0.6357421875 0.27734375 0.103515625 0.09375
0 0.75 0.2783203125 0.109375 0.083984375
0 0.865234375 0.2783203125 0.11328125 0.091796875
