0 0.37109375 0.0419921875 0.11328125 0.080078125
0 0.375 0.12109375 0.125 0.07421875
0 0.3642578125 0.197265625 0.126953125 0.0703125
0 0.3623046875 0.2734375 0.119140625 0.078125
0 0.216796875 0.0546875 0.16796875 0.10546875
0 0.2119140625 0.158203125 0.158203125 0.1015625
0 0.216796875 0.255859375 0.09375 0.08984375
0 0.2109375 0.3447265625 0.1015625 0.087890625
0 0.20703125 0.419921875 0.11328125 0.0546875
0 0.2041015625 0.4951171875 0.154296875 0.087890625
0 0.2060546875 0.5712890625 0.150390625 0.060546875
0 0.19921875 0.642578125 0.125 0.078125
