0 0.1298828125 0.0947265625 0.185546875 0.138671875
0 0.3076171875 0.0927734375 0.142578125 0.130859375
0 0.4736328125 0.0947265625 0.173828125 0.123046875
0 0.13671875 0.23828125 0.19921875 0.13671875
0 0.349609375 0.2353515625 0.1953125 0.130859375
0 0.556640625 0.2373046875 0.19140625 0.146484375
0 0.7705078125 0.2421875 0.197265625 0.12109375
0 0.1328125 0.3818359375 0.20703125 0.138671875
0 0.3466796875 0.384765625 0.197265625 0.140625
0 0.5537109375 0.3740234375 0.185546875 0.119140625
0 0.7265625 0.384765625 0.14453125 0.140625
0 0.8779296875 0.380859375 0.138671875 0.140625
