0 0.208984375 0.162109375 0.1328125 0.09765625
0 0.349609375 0.166015625 0.13671875 0.08203125
0 0.4951171875 0.166015625 0.130859375 0.09765625
0 0.6376953125 0.169921875 0.138671875 0.09765625
0 0.7841796875 0.1689453125 0.126953125 0.087890625
0 0.1591796875 0.2802734375 0.150390625 0.091796875
0 0.2978515625 0.2841796875 0.103515625 0.095703125
0 0.4306640625 0.2861328125 0.142578125 0.095703125
0 0.5712890625 0.28125 0.126953125 0.08984375
0 0.70703125 0.2841796875 0.125 0.087890625
0 0.85546875 0.28515625 0.11328125 0.09765625
