0 0.1435546875 0.0712890625 0.197265625 0.130859375
0 0.3076171875 0.095703125 0.123046875 0.07421875
0 0.44140625 0.0966796875 0.11328125 0.080078125
0 0.5712890625 0.099609375 0.123046875 0.08203125
0 0.701171875 0.1005859375 0.12109375 0.083984375
0 0.8310546875 0.099609375 0.123046875 0.078125
0 0.095703125 0.1787109375 0.10546875 0.083984375
0 0.205078125 0.18359375 0.11328125 0.07421875
0 0.322265625 0.1796875 0.10546875 0.08203125
0 0.435546875 0.18359375 0.11328125 0.0703125
0 0.548828125 0.18359375 0.1015625 0.07421875
0 0.642578125 0.1845703125 0.07421875 0.072265625
0 0.744140625 0.1865234375 0.12109375 0.072265625
0 0.8583984375 0.1845703125 0.087890625 0.076171875
