0 0.8115234375 0.091796875 0.162109375 0.125
0 0.8125 0.2236328125 0.17578125 0.130859375
0 0.8115234375 0.359375 0.169921875 0.125
0 0.8115234375 0.4873046875 0.177734375 0.107421875
0 0.8095703125 0.6171875 0.138671875 0.12890625
0 0.8125 0.7587890625 0.1484375 0.123046875
0 0.8125 0.8955078125 0.1484375 0.134765625
0 0.193359375 0.0908203125 0.1875 0.126953125
0 0.19921875 0.2255859375 0.17578125 0.130859375
0 0.19921875 0.36328125 0.17578125 0.12890625
0 0.1962890625 0.4970703125 0.181640625 0.126953125
0 0.2001953125 0.6240234375 0.189453125 0.115234375
0 0.2060546875 0.7646484375 0.173828125 0.126953125
