0 0.8876953125 0.072265625 0.126953125 0.0703125
0 0.884765625 0.138671875 0.12109375 0.05859375
0 0.896484375 0.26171875 0.09375 0.0625
0 0.890625 0.3251953125 0.1328125 0.056640625
0 0.888671875 0.384765625 0.12109375 0.0546875
0 0.9013671875 0.447265625 0.095703125 0.0625
0 0.8876953125 0.513671875 0.126953125 0.06640625
0 0.8828125 0.583984375 0.13671875 0.06640625
0 0.884765625 0.6455078125 0.1015625 0.048828125
0 0.716796875 0.134765625 0.1640625 0.0859375
0 0.71484375 0.228515625 0.16796875 0.08984375
0 0.71875 0.37109375 0.11328125 0.0703125
0 0.7138671875 0.4365234375 0.099609375 0.060546875
0 0.716796875 0.5029296875 0.09765625 0.060546875
0 0.7138671875 0.568359375 0.099609375 0.0625
0 0.712890625 0.6357421875 0.10546875 0.064453125
