0 0.884765625 0.1640625 0.10546875 0.07421875
0 0.8818359375 0.2431640625 0.123046875 0.076171875
0 0.8818359375 0.3203125 0.107421875 0.06640625
0 0.880859375 0.3974609375 0.109375 0.072265625
0 0.87890625 0.474609375 0.1171875 0.06640625
0 0.8798828125 0.546875 0.107421875 0.06640625
0 0.6904296875 0.080078125 0.208984375 0.1328125
0 0.6943359375 0.2060546875 0.201171875 0.115234375
0 0.701171875 0.3310546875 0.20703125 0.126953125
0 0.701171875 0.46875 0.20703125 0.13671875
0 0.703125 0.7353515625 0.203125 0.130859375
0 0.482421875 0.1875 0.203125 0.13671875
0 0.48046875 0.330078125 0.203125 0.13671875
0 0.484375 0.46484375 0.20703125 0.12890625
0 0.484375 0.59765625 0.19921875 0.12890625
0 0.482421875 0.7353515625 0.2109375 0.130859375
