0 0.162109375 0.13671875 0.0859375 0.0625
0 0.2578125 0.13671875 0.09375 0.0703125
0 0.357421875 0.1357421875 0.08984375 0.064453125
0 0.453125 0.1376953125 0.09375 0.068359375
0 0.5517578125 0.1396484375 0.095703125 0.068359375
0 0.744140625 0.1357421875 0.09375 0.068359375
0 0.8427734375 0.1416015625 0.091796875 0.068359375
0 0.3076171875 0.2177734375 0.095703125 0.072265625
0 0.408203125 0.2197265625 0.09765625 0.068359375
0 0.50390625 0.2177734375 0.08984375 0.072265625
0 0.599609375 0.22265625 0.09765625 0.07421875
0 0.69921875 0.220703125 0.09765625 0.0703125
