0 0.7568359375 0.1181640625 0.318359375 0.201171875
0 0.7548828125 0.349609375 0.322265625 0.21484375
0 0.7587890625 0.572265625 0.333984375 0.21484375
0 0.5224609375 0.4013671875 0.119140625 0.083984375
0 0.521484375 0.482421875 0.10546875 0.07421875
0 0.51953125 0.5615234375 0.11328125 0.072265625
0 0.3447265625 0.2333984375 0.212890625 0.138671875
0 0.3427734375 0.3525390625 0.142578125 0.095703125
0 0.3427734375 0.474609375 0.197265625 0.1328125
0 0.3466796875 0.595703125 0.146484375 0.09375
0 0.1220703125 0.5107421875 0.240234375 0.150390625
0 0.1328125 0.6357421875 0.13671875 0.091796875
