0 0.3037109375 0.1279296875 0.099609375 0.076171875
0 0.40625 0.12890625 0.09765625 0.07421875
0 0.509765625 0.130859375 0.109375 0.08203125
0 0.6103515625 0.1328125 0.095703125 0.08203125
0 0.7109375 0.134765625 0.08984375 0.0859375
0 0.134765625 0.216796875 0.1171875 0.09765625
0 0.25390625 0.2177734375 0.1015625 0.099609375
0 0.3671875 0.2197265625 0.1171875 0.091796875
0 0.494140625 0.2236328125 0.12109375 0.087890625
0 0.619140625 0.2255859375 0.12109375 0.095703125
0 0.7431640625 0.2265625 0.119140625 0.08984375
0 0.8671875 0.2275390625 0.1171875 0.103515625
