0 0.09765625 0.0869140625 0.0859375 0.072265625
0 0.18359375 0.0888671875 0.07421875 0.072265625
0 0.2666015625 0.087890625 0.091796875 0.08203125
0 0.4375 0.0869140625 0.1015625 0.076171875
0 0.5390625 0.087890625 0.09375 0.07421875
0 0.62890625 0.087890625 0.0703125 0.07421875
0 0.7138671875 0.0869140625 0.087890625 0.068359375
0 0.8134765625 0.08984375 0.095703125 0.0703125
0 0.1630859375 0.2197265625 0.236328125 0.162109375
0 0.3916015625 0.2236328125 0.205078125 0.162109375
0 0.611328125 0.2177734375 0.21484375 0.158203125
0 0.8427734375 0.2197265625 0.220703125 0.166015625
0 0.1962890625 0.35546875 0.169921875 0.09375
0 0.37890625 0.359375 0.14453125 0.1015625
0 0.5205078125 0.37109375 0.126953125 0.07421875
0 0.66015625 0.3486328125 0.12109375 0.091796875
0 0.8095703125 0.3564453125 0.154296875 0.095703125
