0 0.27734375 0.4755859375 0.0625 0.048828125
0 0.3369140625 0.482421875 0.048828125 0.03515625
0 0.3896484375 0.482421875 0.048828125 0.03515625
0 0.4462890625 0.4765625 0.048828125 0.046875
0 0.505859375 0.4775390625 0.05859375 0.044921875
0 0.5673828125 0.474609375 0.060546875 0.046875
0 0.63671875 0.4775390625 0.0625 0.025390625
0 0.703125 0.474609375 0.0625 0.05078125
0 0.2802734375 0.5380859375 0.052734375 0.037109375
0 0.3271484375 0.537109375 0.041015625 0.03125
0 0.3779296875 0.537109375 0.052734375 0.03125
0 0.4248046875 0.5361328125 0.041015625 0.037109375
0 0.48046875 0.5361328125 0.0703125 0.044921875
0 0.552734375 0.5361328125 0.0625 0.048828125
0 0.6201171875 0.53515625 0.068359375 0.04296875
0 0.6904296875 0.53515625 0.064453125 0.046875
