0 0.892578125 0.048828125 0.12109375 0.078125
0 0.89453125 0.126953125 0.1171875 0.07421875
0 0.9111328125 0.1875 0.076171875 0.03515625
0 0.8935546875 0.2470703125 0.103515625 0.080078125
0 0.7666015625 0.05078125 0.115234375 0.08203125
0 0.771484375 0.13671875 0.06640625 0.0859375
0 0.7666015625 0.2255859375 0.091796875 0.083984375
0 0.763671875 0.310546875 0.109375 0.07421875
0 0.765625 0.390625 0.1171875 0.07421875
0 0.767578125 0.466796875 0.109375 0.06640625
0 0.7646484375 0.5439453125 0.119140625 0.076171875
0 0.765625 0.623046875 0.1171875 0.07421875
