0 0.5029296875 0.048828125 0.158203125 0.09375
0 0.5078125 0.1591796875 0.16015625 0.099609375
0 0.5029296875 0.263671875 0.146484375 0.09765625
0 0.498046875 0.3759765625 0.16015625 0.103515625
0 0.5029296875 0.4921875 0.095703125 0.1015625
0 0.5029296875 0.6005859375 0.162109375 0.095703125
0 0.505859375 0.7138671875 0.15234375 0.103515625
0 0.4970703125 0.833984375 0.150390625 0.1015625
0 0.4990234375 0.9453125 0.166015625 0.1015625
0 0.0712890625 0.0400390625 0.123046875 0.076171875
0 0.0673828125 0.15234375 0.103515625 0.07421875
0 0.068359375 0.337890625 0.12890625 0.078125
0 0.06640625 0.4482421875 0.12890625 0.083984375
0 0.076171875 0.6328125 0.1328125 0.078125
0 0.0654296875 0.7392578125 0.111328125 0.091796875
0 0.0703125 0.8505859375 0.11328125 0.087890625
0 0.0693359375 0.9619140625 0.123046875 0.072265625
