0 0.0595703125 0.0712890625 0.076171875 0.072265625
0 0.1494140625 0.0703125 0.091796875 0.06640625
0 0.248046875 0.0703125 0.08984375 0.07421875
0 0.3466796875 0.0712890625 0.091796875 0.064453125
0 0.4482421875 0.06640625 0.087890625 0.06640625
0 0.54296875 0.0654296875 0.0859375 0.072265625
0 0.6318359375 0.0703125 0.076171875 0.0703125
0 0.720703125 0.0703125 0.0859375 0.0625
0 0.8193359375 0.0654296875 0.087890625 0.076171875
0 0.9189453125 0.068359375 0.099609375 0.0703125
0 0.283203125 0.1611328125 0.09375 0.068359375
0 0.38671875 0.1572265625 0.10546875 0.068359375
0 0.486328125 0.15625 0.0859375 0.06640625
0 0.5869140625 0.158203125 0.099609375 0.0703125
0 0.6953125 0.1572265625 0.1015625 0.072265625
