0 0.3623046875 0.0966796875 0.107421875 0.087890625
0 0.474609375 0.0966796875 0.109375 0.091796875
0 0.5859375 0.0966796875 0.10546875 0.091796875
0 0.669921875 0.1103515625 0.0625 0.052734375
0 0.755859375 0.095703125 0.109375 0.08984375
0 0.8701171875 0.09765625 0.111328125 0.09765625
0 0.16015625 0.234375 0.19921875 0.03515625
0 0.384765625 0.232421875 0.2109375 0.13671875
0 0.6142578125 0.2314453125 0.189453125 0.130859375
0 0.8369140625 0.232421875 0.205078125 0.140625
0 0.1591796875 0.46875 0.212890625 0.13671875
0 0.384765625 0.46875 0.22265625 0.13671875
0 0.6123046875 0.466796875 0.216796875 0.1328125
0 0.8369140625 0.47265625 0.216796875 0.14453125
