0 0.2998046875 0.0791015625 0.126953125 0.119140625
0 0.439453125 0.0791015625 0.1484375 0.103515625
0 0.583984375 0.080078125 0.109375 0.10546875
0 0.7275390625 0.076171875 0.138671875 0.109375
0 0.1435546875 0.205078125 0.197265625 0.1328125
0 0.3427734375 0.205078125 0.193359375 0.12109375
0 0.548828125 0.2060546875 0.19140625 0.123046875
0 0.7451171875 0.203125 0.181640625 0.1328125
0 0.91796875 0.2177734375 0.125 0.083984375
0 0.138671875 0.32421875 0.12109375 0.09765625
0 0.2783203125 0.318359375 0.115234375 0.0703125
0 0.392578125 0.3203125 0.10546875 0.0859375
0 0.515625 0.3173828125 0.10546875 0.091796875
0 0.6396484375 0.31640625 0.111328125 0.078125
0 0.75390625 0.3173828125 0.08984375 0.083984375
0 0.8828125 0.322265625 0.140625 0.08984375
