0 0.1201171875 0.080078125 0.138671875 0.06640625
0 0.2333984375 0.0869140625 0.087890625 0.091796875
0 0.349609375 0.0849609375 0.1171875 0.083984375
0 0.5849609375 0.083984375 0.115234375 0.0859375
0 0.12109375 0.19140625 0.12109375 0.09375
0 0.2470703125 0.1875 0.123046875 0.09375
0 0.3662109375 0.19140625 0.099609375 0.08203125
0 0.4853515625 0.1904296875 0.115234375 0.080078125
0 0.609375 0.189453125 0.1171875 0.08203125
0 0.716796875 0.1923828125 0.078125 0.080078125
0 0.833984375 0.1904296875 0.12890625 0.095703125
