0 0.923828125 0.068359375 0.08984375 0.09375
0 0.927734375 0.1552734375 0.13671875 0.072265625
0 0.9228515625 0.2451171875 0.150390625 0.103515625
0 0.923828125 0.3349609375 0.13671875 0.072265625
0 0.7529296875 0.078125 0.173828125 0.109375
0 0.751953125 0.1865234375 0.1640625 0.103515625
0 0.75 0.2880859375 0.14453125 0.087890625
0 0.7529296875 0.3857421875 0.123046875 0.095703125
0 0.7451171875 0.478515625 0.103515625 0.0859375
0 0.7451171875 0.564453125 0.150390625 0.0859375
0 0.580078125 0.072265625 0.16015625 0.08203125
0 0.58203125 0.16796875 0.078125 0.09375
0 0.583984375 0.2578125 0.15234375 0.07421875
0 0.5791015625 0.33984375 0.150390625 0.0859375
