0 0.1201171875 0.0751953125 0.095703125 0.080078125
0 0.2294921875 0.07421875 0.103515625 0.078125
0 0.3291015625 0.0693359375 0.083984375 0.072265625
0 0.42578125 0.07421875 0.09375 0.07421875
0 0.5244140625 0.072265625 0.095703125 0.0546875
0 0.140625 0.201171875 0.2109375 0.14453125
0 0.3740234375 0.2001953125 0.220703125 0.150390625
0 0.09765625 0.3642578125 0.13671875 0.115234375
0 0.220703125 0.3662109375 0.09765625 0.119140625
0 0.3408203125 0.3603515625 0.126953125 0.111328125
0 0.47265625 0.3662109375 0.1171875 0.123046875
0 0.6025390625 0.3681640625 0.130859375 0.123046875
0 0.7509765625 0.3642578125 0.146484375 0.126953125
