0 0.109375 0.2412109375 0.19921875 0.138671875
0 0.3154296875 0.2421875 0.201171875 0.140625
0 0.111328125 0.380859375 0.1953125 0.10546875
0 0.291015625 0.3798828125 0.16015625 0.099609375
0 0.470703125 0.3837890625 0.13671875 0.126953125
0 0.6337890625 0.3828125 0.169921875 0.12109375
0 0.8330078125 0.3828125 0.197265625 0.125
0 0.109375 0.517578125 0.21484375 0.13671875
0 0.31640625 0.5205078125 0.19140625 0.142578125
0 0.51171875 0.521484375 0.1953125 0.13671875
0 0.71484375 0.521484375 0.1953125 0.13671875
