0 0.166015625 0.216796875 0.140625 0.1015625
0 0.470703125 0.216796875 0.1640625 0.1015625
0 0.7568359375 0.2177734375 0.154296875 0.103515625
0 0.10546875 0.3486328125 0.09375 0.064453125
0 0.20703125 0.34375 0.109375 0.08203125
0 0.3173828125 0.3466796875 0.103515625 0.080078125
0 0.4765625 0.34765625 0.10546875 0.08203125
0 0.5908203125 0.34765625 0.107421875 0.078125
0 0.759765625 0.349609375 0.09765625 0.078125
0 0.8720703125 0.3505859375 0.107421875 0.076171875
0 0.1015625 0.44140625 0.1171875 0.0859375
0 0.2197265625 0.4453125 0.103515625 0.08984375
0 0.328125 0.443359375 0.1015625 0.08203125
0 0.47265625 0.4462890625 0.11328125 0.076171875
0 0.5830078125 0.4443359375 0.103515625 0.080078125
0 0.75390625 0.4443359375 0.10546875 0.080078125
0 0.8662109375 0.4453125 0.103515625 0.0859375
0 0.11328125 0.546875 0.125 0.09375
0 0.341796875 0.5498046875 0.109375 0.087890625
0 0.470703125 0.5517578125 0.12890625 0.099609375
