0 0.296875 0.154296875 0.12890625 0.0859375
0 0.423828125 0.1552734375 0.11328125 0.087890625
0 0.55859375 0.15234375 0.109375 0.0859375
0 0.681640625 0.154296875 0.1171875 0.0859375
0 0.216796875 0.26171875 0.17578125 0.109375
0 0.3974609375 0.2626953125 0.173828125 0.111328125
0 0.5771484375 0.2587890625 0.166015625 0.115234375
0 0.759765625 0.26171875 0.1796875 0.12109375
0 0.1923828125 0.37109375 0.146484375 0.09375
0 0.3369140625 0.373046875 0.130859375 0.09375
0 0.46875 0.3720703125 0.12109375 0.091796875
0 0.607421875 0.3720703125 0.13671875 0.095703125
