0 0.2548828125 0.1015625 0.068359375 0.05859375
0 0.3251953125 0.1025390625 0.056640625 0.056640625
0 0.3994140625 0.103515625 0.072265625 0.05078125
0 0.4833984375 0.1015625 0.068359375 0.05859375
0 0.25 0.1796875 0.05859375 0.0625
0 0.3212890625 0.189453125 0.064453125 0.04296875
0 0.39453125 0.1796875 0.05859375 0.05859375
0 0.251953125 0.2587890625 0.0625 0.060546875
0 0.3271484375 0.2587890625 0.068359375 0.056640625
0 0.4033203125 0.2587890625 0.068359375 0.064453125
0 0.4951171875 0.2529296875 0.076171875 0.052734375
0 0.5751953125 0.255859375 0.064453125 0.0703125
