0 0.4951171875 0.1259765625 0.080078125 0.080078125
0 0.5791015625 0.126953125 0.080078125 0.0859375
0 0.65625 0.1279296875 0.07421875 0.087890625
0 0.7373046875 0.1279296875 0.080078125 0.083984375
0 0.8193359375 0.1279296875 0.076171875 0.083984375
0 0.8935546875 0.1337890625 0.064453125 0.072265625
0 0.09375 0.2275390625 0.07421875 0.080078125
0 0.16796875 0.228515625 0.0625 0.0859375
0 0.2333984375 0.2294921875 0.068359375 0.080078125
0 0.298828125 0.232421875 0.06640625 0.08203125
0 0.3671875 0.228515625 0.0703125 0.0859375
0 0.43359375 0.228515625 0.0625 0.0859375
0 0.5009765625 0.2294921875 0.064453125 0.087890625
0 0.56640625 0.23046875 0.06640625 0.08203125
0 0.6328125 0.2275390625 0.0703125 0.083984375
0 0.7001953125 0.2294921875 0.064453125 0.083984375
0 0.763671875 0.234375 0.0546875 0.0625
0 0.8251953125 0.23046875 0.064453125 0.08203125
0 0.89453125 0.228515625 0.06640625 0.0859375
