0 0.888671875 0.0888671875 0.12109375 0.076171875
0 0.888671875 0.169921875 0.12109375 0.07421875
0 0.890625 0.25390625 0.12890625 0.07421875
0 0.8935546875 0.3671875 0.123046875 0.078125
0 0.896484375 0.453125 0.1171875 0.08203125
0 0.8935546875 0.5361328125 0.111328125 0.076171875
0 0.8916015625 0.6171875 0.103515625 0.0625
0 0.75 0.16015625 0.09375 0.07421875
0 0.748046875 0.2353515625 0.109375 0.072265625
0 0.75390625 0.3076171875 0.109375 0.068359375
0 0.751953125 0.4521484375 0.109375 0.076171875
0 0.7490234375 0.6015625 0.115234375 0.0703125
0 0.751953125 0.6767578125 0.109375 0.068359375
