0 0.330078125 0.091796875 0.09765625 0.06640625
0 0.333984375 0.1630859375 0.078125 0.064453125
0 0.33203125 0.232421875 0.0859375 0.05859375
0 0.3310546875 0.30078125 0.095703125 0.0625
0 0.33203125 0.37109375 0.09375 0.0546875
0 0.2265625 0.091796875 0.09375 0.06640625
0 0.2265625 0.1611328125 0.09375 0.060546875
0 0.228515625 0.23046875 0.08203125 0.05859375
0 0.2255859375 0.3017578125 0.091796875 0.060546875
0 0.2265625 0.37109375 0.09375 0.0625
0 0.2265625 0.4404296875 0.09375 0.056640625
0 0.22265625 0.5107421875 0.0859375 0.060546875
0 0.2236328125 0.5830078125 0.095703125 0.064453125
