0 0.18359375 0.15234375 0.15234375 0.11328125
0 0.3447265625 0.1552734375 0.154296875 0.111328125
0 0.5078125 0.1572265625 0.1484375 0.111328125
0 0.6689453125 0.1552734375 0.154296875 0.115234375
0 0.8310546875 0.154296875 0.138671875 0.109375
0 0.1416015625 0.2900390625 0.236328125 0.158203125
0 0.3828125 0.291015625 0.23046875 0.16015625
0 0.626953125 0.2890625 0.23828125 0.1484375
0 0.87890625 0.2958984375 0.23828125 0.154296875
0 0.287109375 0.41015625 0.11328125 0.07421875
0 0.404296875 0.4111328125 0.109375 0.080078125
0 0.51953125 0.4111328125 0.10546875 0.072265625
0 0.62109375 0.4091796875 0.08203125 0.072265625
0 0.7236328125 0.4091796875 0.103515625 0.072265625
