0 0.1865234375 0.1640625 0.107421875 0.11328125
0 0.3037109375 0.1630859375 0.107421875 0.115234375
0 0.4189453125 0.1611328125 0.111328125 0.115234375
0 0.5712890625 0.16015625 0.119140625 0.11328125
0 0.693359375 0.1611328125 0.10546875 0.115234375
0 0.8125 0.162109375 0.1171875 0.1171875
0 0.1904296875 0.279296875 0.115234375 0.109375
0 0.314453125 0.283203125 0.11328125 0.10546875
0 0.4375 0.279296875 0.12109375 0.11328125
0 0.560546875 0.28125 0.11328125 0.109375
0 0.68359375 0.279296875 0.125 0.1171875
0 0.8076171875 0.2783203125 0.115234375 0.107421875
