0 0.1123046875 0.150390625 0.119140625 0.08203125
0 0.2294921875 0.1474609375 0.111328125 0.087890625
0 0.35546875 0.1484375 0.1171875 0.0859375
0 0.4677734375 0.146484375 0.103515625 0.08203125
0 0.5546875 0.1484375 0.06640625 0.05078125
0 0.623046875 0.1484375 0.0703125 0.05859375
0 0.6923828125 0.150390625 0.060546875 0.0546875
0 0.779296875 0.1484375 0.11328125 0.09375
0 0.888671875 0.146484375 0.10546875 0.0859375
0 0.41015625 0.23046875 0.0859375 0.06640625
0 0.5 0.23046875 0.08203125 0.06640625
