0 0.8916015625 0.0673828125 0.107421875 0.072265625
0 0.892578125 0.1416015625 0.10546875 0.068359375
0 0.8916015625 0.2138671875 0.107421875 0.068359375
0 0.892578125 0.283203125 0.10546875 0.0625
0 0.751953125 0.068359375 0.109375 0.0703125
0 0.7529296875 0.1396484375 0.119140625 0.064453125
0 0.75 0.19921875 0.09375 0.04296875
0 0.755859375 0.25390625 0.09375 0.0546875
0 0.751953125 0.3134765625 0.109375 0.060546875
0 0.7529296875 0.3642578125 0.123046875 0.037109375
0 0.755859375 0.4130859375 0.12890625 0.048828125
0 0.751953125 0.47265625 0.06640625 0.0625
