0 0.251953125 0.16796875 0.09375 0.06640625
0 0.3525390625 0.162109375 0.099609375 0.05859375
0 0.4453125 0.1640625 0.07421875 0.05859375
0 0.5234375 0.1640625 0.0625 0.05859375
0 0.6005859375 0.1650390625 0.080078125 0.056640625
0 0.677734375 0.1650390625 0.06640625 0.064453125
0 0.7578125 0.1630859375 0.07421875 0.056640625
0 0.2802734375 0.2529296875 0.162109375 0.103515625
0 0.4306640625 0.2509765625 0.126953125 0.095703125
0 0.5693359375 0.251953125 0.142578125 0.10546875
0 0.7255859375 0.25 0.154296875 0.1015625
