0 0.24609375 0.1787109375 0.09375 0.080078125
0 0.3486328125 0.1806640625 0.083984375 0.099609375
0 0.466796875 0.1806640625 0.13671875 0.095703125
0 0.60546875 0.1806640625 0.12109375 0.087890625
0 0.732421875 0.1796875 0.09765625 0.0859375
0 0.087890625 0.287109375 0.125 0.1015625
0 0.2158203125 0.2880859375 0.126953125 0.107421875
0 0.341796875 0.2900390625 0.1171875 0.111328125
0 0.5126953125 0.2900390625 0.123046875 0.107421875
0 0.6396484375 0.2890625 0.119140625 0.109375
0 0.7626953125 0.287109375 0.115234375 0.10546875
0 0.888671875 0.2890625 0.12109375 0.109375
