0 0.08203125 0.5126953125 0.15625 0.287109375
0 0.23828125 0.5146484375 0.13671875 0.302734375
0 0.0810546875 0.814453125 0.150390625 0.28125
0 0.2373046875 0.8203125 0.146484375 0.28125
0 0.677734375 0.083984375 0.08203125 0.11328125
0 0.763671875 0.083984375 0.08203125 0.125
0 0.8515625 0.0859375 0.078125 0.12890625
0 0.9365234375 0.083984375 0.083984375 0.125
0 0.3720703125 0.271484375 0.091796875 0.23046875
0 0.466796875 0.2724609375 0.09375 0.236328125
0 0.5625 0.271484375 0.08984375 0.23046875
0 0.65625 0.271484375 0.08984375 0.23046875
0 0.7490234375 0.2724609375 0.087890625 0.228515625
0 0.8447265625 0.2666015625 0.095703125 0.220703125
0 0.9404296875 0.271484375 0.087890625 0.21875
