0 0.068359375 0.2724609375 0.0625 0.060546875
0 0.1279296875 0.2783203125 0.052734375 0.041015625
0 0.240234375 0.2685546875 0.05859375 0.068359375
0 0.302734375 0.271484375 0.05859375 0.0625
0 0.36328125 0.279296875 0.05078125 0.05078125
0 0.41796875 0.2734375 0.046875 0.0703125
0 0.4794921875 0.271484375 0.068359375 0.0703125
0 0.552734375 0.2724609375 0.0703125 0.068359375
0 0.623046875 0.271484375 0.05859375 0.06640625
0 0.689453125 0.2724609375 0.0703125 0.064453125
0 0.7587890625 0.2744140625 0.064453125 0.060546875
0 0.8310546875 0.271484375 0.072265625 0.06640625
0 0.904296875 0.2734375 0.0703125 0.0703125
