0 0.439453125 0.255859375 0.07421875 0.0625
0 0.5302734375 0.255859375 0.087890625 0.0546875
0 0.185546875 0.3271484375 0.06640625 0.052734375
0 0.26953125 0.3271484375 0.07421875 0.048828125
0 0.353515625 0.326171875 0.07421875 0.05078125
0 0.4443359375 0.322265625 0.080078125 0.0546875
0 0.533203125 0.32421875 0.08203125 0.05078125
0 0.615234375 0.3349609375 0.0546875 0.041015625
0 0.701171875 0.3232421875 0.078125 0.052734375
0 0.8369140625 0.328125 0.083984375 0.0546875
0 0.3984375 0.3984375 0.09375 0.0625
0 0.4833984375 0.3955078125 0.068359375 0.060546875
0 0.568359375 0.3974609375 0.08984375 0.056640625
