0 0.3115234375 0.1025390625 0.134765625 0.060546875
0 0.3095703125 0.17578125 0.076171875 0.0859375
0 0.3125 0.2470703125 0.1328125 0.056640625
0 0.3046875 0.318359375 0.1015625 0.08203125
0 0.306640625 0.3974609375 0.125 0.068359375
0 0.162109375 0.109375 0.13671875 0.0859375
0 0.1611328125 0.2021484375 0.134765625 0.087890625
0 0.162109375 0.287109375 0.10546875 0.078125
0 0.1611328125 0.37109375 0.134765625 0.08203125
0 0.1591796875 0.458984375 0.142578125 0.08984375
0 0.166015625 0.5458984375 0.09375 0.076171875
0 0.16015625 0.630859375 0.1171875 0.0859375
