0 0.521484375 0.119140625 0.125 0.11328125
0 0.6484375 0.1181640625 0.1171875 0.107421875
0 0.7724609375 0.1181640625 0.126953125 0.103515625
0 0.8974609375 0.1201171875 0.111328125 0.087890625
0 0.40625 0.23046875 0.0859375 0.0859375
0 0.4990234375 0.2333984375 0.080078125 0.087890625
0 0.59765625 0.2294921875 0.1015625 0.095703125
0 0.705078125 0.2333984375 0.10546875 0.091796875
0 0.806640625 0.2294921875 0.07421875 0.103515625
0 0.5595703125 0.3271484375 0.087890625 0.076171875
0 0.6572265625 0.3271484375 0.087890625 0.068359375
0 0.7568359375 0.3251953125 0.087890625 0.072265625
0 0.8330078125 0.33203125 0.076171875 0.05859375
0 0.916015625 0.32421875 0.07421875 0.0703125
