0 0.05859375 0.16015625 0.1015625 0.09765625
0 0.1572265625 0.158203125 0.083984375 0.08984375
0 0.25 0.1572265625 0.0859375 0.087890625
0 0.34765625 0.1611328125 0.1015625 0.091796875
0 0.4462890625 0.158203125 0.087890625 0.08984375
0 0.54296875 0.16015625 0.09375 0.08984375
0 0.6416015625 0.1572265625 0.091796875 0.087890625
0 0.73828125 0.1591796875 0.09375 0.095703125
0 0.8369140625 0.1572265625 0.095703125 0.083984375
0 0.935546875 0.1591796875 0.09765625 0.095703125
0 0.328125 0.26171875 0.109375 0.09765625
0 0.4375 0.259765625 0.109375 0.09765625
0 0.552734375 0.26171875 0.1015625 0.09375
0 0.6650390625 0.2626953125 0.099609375 0.099609375
