0 0.8583984375 0.119140625 0.150390625 0.1015625
0 0.859375 0.2265625 0.15234375 0.09765625
0 0.859375 0.33203125 0.15625 0.10546875
0 0.859375 0.423828125 0.12890625 0.0703125
0 0.8603515625 0.515625 0.162109375 0.09375
0 0.85546875 0.6220703125 0.15234375 0.103515625
0 0.8564453125 0.7109375 0.134765625 0.0703125
0 0.861328125 0.7978515625 0.109375 0.087890625
0 0.6962890625 0.123046875 0.150390625 0.1015625
0 0.693359375 0.228515625 0.14453125 0.09765625
0 0.69140625 0.318359375 0.125 0.0703125
0 0.6943359375 0.4111328125 0.142578125 0.103515625
0 0.6904296875 0.5185546875 0.154296875 0.107421875
