0 0.060546875 0.169921875 0.1171875 0.08984375
0 0.1875 0.173828125 0.11328125 0.0859375
0 0.3115234375 0.1728515625 0.126953125 0.087890625
0 0.4384765625 0.17578125 0.115234375 0.08984375
0 0.5615234375 0.1796875 0.107421875 0.08203125
0 0.0576171875 0.2646484375 0.111328125 0.091796875
0 0.1826171875 0.2666015625 0.103515625 0.091796875
0 0.3046875 0.2685546875 0.125 0.091796875
0 0.431640625 0.2685546875 0.1171875 0.083984375
0 0.5654296875 0.2685546875 0.138671875 0.087890625
0 0.70703125 0.2666015625 0.12890625 0.095703125
0 0.8388671875 0.267578125 0.130859375 0.09765625
