0 0.0390625 0.3525390625 0.0703125 0.072265625
0 0.126953125 0.3544921875 0.09375 0.060546875
0 0.2255859375 0.3544921875 0.087890625 0.068359375
0 0.3349609375 0.3515625 0.111328125 0.0703125
0 0.44140625 0.3544921875 0.09375 0.064453125
0 0.642578125 0.357421875 0.10546875 0.07421875
0 0.044921875 0.4287109375 0.0859375 0.068359375
0 0.1455078125 0.4296875 0.099609375 0.06640625
0 0.25390625 0.427734375 0.1015625 0.06640625
0 0.3603515625 0.4306640625 0.099609375 0.072265625
0 0.4609375 0.4287109375 0.08984375 0.072265625
0 0.5615234375 0.427734375 0.087890625 0.0625
0 0.6552734375 0.4306640625 0.087890625 0.064453125
