0 0.091796875 0.1484375 0.10546875 0.0859375
0 0.203125 0.1474609375 0.1015625 0.083984375
0 0.3125 0.1484375 0.109375 0.0859375
0 0.4267578125 0.1484375 0.107421875 0.08984375
0 0.537109375 0.146484375 0.1015625 0.08203125
0 0.6142578125 0.126953125 0.048828125 0.03515625
0 0.615234375 0.171875 0.046875 0.03515625
0 0.7509765625 0.123046875 0.158203125 0.20703125
0 0.9033203125 0.158203125 0.095703125 0.06640625
0 0.1201171875 0.3671875 0.166015625 0.1640625
0 0.3115234375 0.369140625 0.177734375 0.16796875
0 0.62890625 0.365234375 0.17578125 0.1640625
0 0.8173828125 0.3681640625 0.169921875 0.162109375
0 0.1123046875 0.533203125 0.150390625 0.14453125
0 0.2802734375 0.533203125 0.142578125 0.1484375
0 0.4462890625 0.533203125 0.150390625 0.1484375
0 0.630859375 0.5341796875 0.15625 0.142578125
0 0.12109375 0.7080078125 0.1953125 0.162109375
0 0.337890625 0.7119140625 0.203125 0.173828125
