0 0.111328125 0.1416015625 0.16015625 0.142578125
0 0.2822265625 0.1396484375 0.166015625 0.142578125
0 0.439453125 0.1396484375 0.14453125 0.130859375
0 0.5947265625 0.1376953125 0.146484375 0.130859375
0 0.75390625 0.1376953125 0.15625 0.134765625
0 0.900390625 0.134765625 0.125 0.13671875
0 0.2041015625 0.2744140625 0.111328125 0.068359375
0 0.326171875 0.2734375 0.11328125 0.0703125
0 0.453125 0.2724609375 0.10546875 0.068359375
0 0.5703125 0.2724609375 0.10546875 0.064453125
0 0.6884765625 0.2724609375 0.107421875 0.064453125
0 0.796875 0.2705078125 0.08203125 0.064453125
