0 0.1025390625 0.337890625 0.119140625 0.0859375
0 0.224609375 0.3369140625 0.1171875 0.087890625
0 0.34765625 0.3369140625 0.109375 0.083984375
0 0.4658203125 0.3408203125 0.115234375 0.080078125
0 0.583984375 0.3408203125 0.1171875 0.083984375
0 0.705078125 0.341796875 0.109375 0.0859375
0 0.8076171875 0.349609375 0.083984375 0.046875
0 0.90234375 0.3515625 0.0859375 0.05859375
0 0.40234375 0.4384765625 0.109375 0.072265625
0 0.521484375 0.439453125 0.12109375 0.07421875
0 0.6435546875 0.44140625 0.107421875 0.0703125
0 0.8798828125 0.439453125 0.123046875 0.078125
