0 0.123046875 0.0908203125 0.1328125 0.111328125
0 0.2626953125 0.091796875 0.134765625 0.10546875
0 0.404296875 0.087890625 0.13671875 0.11328125
0 0.12890625 0.26171875 0.2421875 0.2109375
0 0.3837890625 0.2626953125 0.240234375 0.212890625
0 0.634765625 0.2626953125 0.2421875 0.212890625
0 0.8828125 0.26171875 0.23046875 0.2109375
0 0.1044921875 0.4404296875 0.107421875 0.103515625
0 0.22265625 0.43359375 0.109375 0.11328125
0 0.3427734375 0.4375 0.111328125 0.125
0 0.4619140625 0.435546875 0.107421875 0.109375
0 0.5771484375 0.43359375 0.095703125 0.10546875
0 0.6865234375 0.4365234375 0.111328125 0.111328125
0 0.7939453125 0.4365234375 0.091796875 0.111328125
0 0.90625 0.4345703125 0.11328125 0.115234375
