0 0.880859375 0.078125 0.1796875 0.14453125
0 0.8798828125 0.2236328125 0.208984375 0.142578125
0 0.880859375 0.37109375 0.21875 0.1484375
0 0.662109375 0.1806640625 0.20703125 0.142578125
0 0.6630859375 0.3330078125 0.208984375 0.142578125
0 0.4423828125 0.26171875 0.228515625 0.1484375
0 0.447265625 0.4150390625 0.21875 0.146484375
0 0.4443359375 0.560546875 0.154296875 0.140625
0 0.119140625 0.072265625 0.22265625 0.140625
0 0.1240234375 0.22265625 0.240234375 0.14453125
0 0.1279296875 0.3701171875 0.232421875 0.146484375
0 0.125 0.51953125 0.234375 0.14453125
0 0.1162109375 0.6494140625 0.208984375 0.111328125
0 0.11328125 0.779296875 0.21875 0.140625
0 0.119140625 0.923828125 0.22265625 0.14453125
