0 0.37890625 0.22265625 0.203125 0.1640625
0 0.60546875 0.2216796875 0.19921875 0.169921875
0 0.162109375 0.3935546875 0.21875 0.162109375
0 0.3837890625 0.3935546875 0.205078125 0.166015625
0 0.6044921875 0.396484375 0.201171875 0.15625
0 0.8173828125 0.390625 0.197265625 0.1640625
0 0.0869140625 0.771484375 0.115234375 0.09375
0 0.2021484375 0.7724609375 0.107421875 0.095703125
0 0.314453125 0.7724609375 0.10546875 0.095703125
0 0.427734375 0.7734375 0.1015625 0.0859375
0 0.5283203125 0.7685546875 0.080078125 0.087890625
0 0.087890625 0.873046875 0.11328125 0.08984375
0 0.2080078125 0.8740234375 0.111328125 0.091796875
0 0.361328125 0.8720703125 0.1015625 0.091796875
0 0.4716796875 0.873046875 0.115234375 0.09375
0 0.5859375 0.87109375 0.109375 0.09765625
0 0.703125 0.87109375 0.109375 0.09375
0 0.8046875 0.8701171875 0.0859375 0.095703125
0 0.9091796875 0.8701171875 0.107421875 0.087890625
