0 0.2431640625 0.0703125 0.150390625 0.109375
0 0.3955078125 0.0693359375 0.134765625 0.107421875
0 0.544921875 0.0693359375 0.1484375 0.107421875
0 0.7041015625 0.0654296875 0.146484375 0.099609375
0 0.86328125 0.0673828125 0.15234375 0.103515625
0 0.35546875 0.248046875 0.38671875 0.23046875
0 0.75390625 0.2470703125 0.37109375 0.240234375
0 0.2509765625 0.423828125 0.162109375 0.10546875
0 0.4189453125 0.4248046875 0.166015625 0.103515625
0 0.587890625 0.4248046875 0.15625 0.103515625
0 0.7451171875 0.4267578125 0.134765625 0.099609375
0 0.8857421875 0.4228515625 0.115234375 0.099609375
