0 0.1552734375 0.103515625 0.111328125 0.1015625
0 0.2841796875 0.099609375 0.130859375 0.0859375
0 0.4072265625 0.103515625 0.107421875 0.078125
0 0.529296875 0.1015625 0.1171875 0.08984375
0 0.654296875 0.1064453125 0.125 0.103515625
0 0.7900390625 0.109375 0.130859375 0.1015625
0 0.255859375 0.224609375 0.12890625 0.09765625
0 0.3896484375 0.224609375 0.123046875 0.0859375
0 0.5048828125 0.2275390625 0.091796875 0.091796875
0 0.61328125 0.2275390625 0.1171875 0.076171875
0 0.740234375 0.228515625 0.12109375 0.09765625
0 0.8740234375 0.228515625 0.130859375 0.09765625
