0 0.9150390625 0.0595703125 0.166015625 0.115234375
0 0.908203125 0.173828125 0.15234375 0.1015625
0 0.908203125 0.2861328125 0.1796875 0.115234375
0 0.904296875 0.408203125 0.17578125 0.12109375
0 0.90625 0.521484375 0.171875 0.10546875
0 0.71875 0.060546875 0.1796875 0.1171875
0 0.7265625 0.1796875 0.16015625 0.1171875
0 0.7216796875 0.294921875 0.166015625 0.1015625
0 0.7216796875 0.408203125 0.166015625 0.109375
0 0.7138671875 0.5244140625 0.189453125 0.111328125
0 0.7138671875 0.63671875 0.169921875 0.10546875
