0 0.1064453125 0.10546875 0.189453125 0.1875
0 0.3046875 0.107421875 0.17578125 0.1875
0 0.494140625 0.107421875 0.1875 0.18359375
0 0.693359375 0.1064453125 0.1875 0.197265625
0 0.84375 0.1552734375 0.1015625 0.095703125
0 0.1015625 0.27734375 0.1796875 0.13671875
0 0.283203125 0.2783203125 0.16796875 0.142578125
0 0.447265625 0.28125 0.15625 0.11328125
0 0.58203125 0.2900390625 0.10546875 0.103515625
0 0.724609375 0.2822265625 0.16796875 0.150390625
0 0.9052734375 0.2802734375 0.169921875 0.138671875
