0 0.2998046875 0.123046875 0.119140625 0.078125
0 0.30078125 0.2060546875 0.1171875 0.080078125
0 0.3017578125 0.2890625 0.107421875 0.078125
0 0.2978515625 0.37109375 0.115234375 0.078125
0 0.298828125 0.453125 0.11328125 0.08203125
0 0.2998046875 0.537109375 0.083984375 0.078125
0 0.1767578125 0.1240234375 0.103515625 0.083984375
0 0.177734375 0.2060546875 0.11328125 0.076171875
0 0.17578125 0.2880859375 0.11328125 0.080078125
0 0.177734375 0.3701171875 0.125 0.076171875
0 0.1787109375 0.453125 0.130859375 0.08203125
