0 0.1494140625 0.134765625 0.130859375 0.10546875
0 0.29296875 0.1337890625 0.13671875 0.111328125
0 0.4208984375 0.12109375 0.119140625 0.0703125
0 0.52734375 0.1328125 0.0859375 0.08984375
0 0.6201171875 0.134765625 0.087890625 0.10546875
0 0.724609375 0.130859375 0.1015625 0.09375
0 0.849609375 0.1357421875 0.125 0.111328125
0 0.142578125 0.25 0.1171875 0.1015625
0 0.2744140625 0.2529296875 0.126953125 0.111328125
0 0.4013671875 0.25 0.107421875 0.1015625
0 0.53515625 0.2509765625 0.13671875 0.111328125
0 0.673828125 0.25 0.1328125 0.109375
0 0.8173828125 0.25 0.138671875 0.11328125
