0 0.2685546875 0.1435546875 0.068359375 0.076171875
0 0.3330078125 0.1455078125 0.064453125 0.072265625
0 0.3916015625 0.142578125 0.056640625 0.08203125
0 0.4501953125 0.14453125 0.056640625 0.08203125
0 0.5126953125 0.1435546875 0.056640625 0.072265625
0 0.578125 0.14453125 0.05859375 0.078125
0 0.646484375 0.146484375 0.0703125 0.0859375
0 0.7197265625 0.1474609375 0.060546875 0.072265625
0 0.7822265625 0.1474609375 0.056640625 0.076171875
0 0.8486328125 0.1474609375 0.068359375 0.076171875
0 0.921875 0.14453125 0.0703125 0.08203125
0 0.298828125 0.23828125 0.10546875 0.0859375
0 0.40625 0.2373046875 0.109375 0.087890625
0 0.5166015625 0.236328125 0.099609375 0.08984375
0 0.6259765625 0.2373046875 0.111328125 0.087890625
