0 0.0986328125 0.09375 0.099609375 0.0703125
0 0.205078125 0.09375 0.09765625 0.06640625
0 0.3017578125 0.0966796875 0.095703125 0.064453125
0 0.3994140625 0.0947265625 0.087890625 0.064453125
0 0.53125 0.09375 0.09375 0.0703125
0 0.6279296875 0.095703125 0.099609375 0.0703125
0 0.103515625 0.1767578125 0.109375 0.087890625
0 0.2197265625 0.1767578125 0.111328125 0.083984375
0 0.380859375 0.177734375 0.09765625 0.078125
0 0.482421875 0.1767578125 0.09375 0.080078125
0 0.58203125 0.1787109375 0.1015625 0.087890625
0 0.6953125 0.177734375 0.10546875 0.08203125
0 0.1142578125 0.26953125 0.142578125 0.078125
0 0.2607421875 0.271484375 0.134765625 0.08203125
0 0.3984375 0.271484375 0.1328125 0.08203125
0 0.5419921875 0.271484375 0.142578125 0.0859375
0 0.0986328125 0.34765625 0.056640625 0.046875
0 0.162109375 0.3486328125 0.0625 0.052734375
0 0.2294921875 0.345703125 0.060546875 0.0546875
0 0.2939453125 0.34765625 0.056640625 0.05078125
0 0.359375 0.345703125 0.0625 0.0546875
0 0.4248046875 0.345703125 0.064453125 0.046875
0 0.4873046875 0.3505859375 0.060546875 0.033203125
0 0.5478515625 0.3466796875 0.064453125 0.052734375
0 0.609375 0.34765625 0.05078125 0.05078125
0 0.6640625 0.34765625 0.0546875 0.05859375
