0 0.0693359375 0.1533203125 0.083984375 0.060546875
0 0.1630859375 0.15234375 0.091796875 0.0625
0 0.251953125 0.1513671875 0.08203125 0.064453125
0 0.33203125 0.1494140625 0.0703125 0.076171875
0 0.41796875 0.1474609375 0.09375 0.072265625
0 0.5068359375 0.1533203125 0.076171875 0.072265625
0 0.595703125 0.154296875 0.0859375 0.06640625
0 0.6767578125 0.1591796875 0.064453125 0.041015625
0 0.763671875 0.1494140625 0.09375 0.072265625
0 0.8623046875 0.1474609375 0.099609375 0.068359375
0 0.939453125 0.16015625 0.05078125 0.05078125
