0 0.0634765625 0.140625 0.087890625 0.0703125
0 0.1572265625 0.142578125 0.064453125 0.06640625
0 0.228515625 0.140625 0.0703125 0.0703125
0 0.3134765625 0.140625 0.087890625 0.0703125
0 0.412109375 0.1396484375 0.09375 0.068359375
0 0.5107421875 0.1396484375 0.087890625 0.072265625
0 0.6025390625 0.140625 0.099609375 0.01953125
0 0.70703125 0.1396484375 0.1015625 0.072265625
0 0.810546875 0.138671875 0.10546875 0.07421875
0 0.919921875 0.140625 0.09765625 0.0703125
0 0.201171875 0.212890625 0.1015625 0.0703125
0 0.3056640625 0.212890625 0.099609375 0.06640625
0 0.4052734375 0.2119140625 0.103515625 0.072265625
0 0.5087890625 0.2099609375 0.095703125 0.068359375
0 0.60546875 0.2109375 0.08203125 0.0703125
0 0.6982421875 0.212890625 0.087890625 0.0703125
0 0.7919921875 0.212890625 0.091796875 0.06640625
0 0.10546875 0.2822265625 0.09375 0.068359375
0 0.1982421875 0.283203125 0.087890625 0.0703125
0 0.2880859375 0.2841796875 0.091796875 0.068359375
0 0.3837890625 0.2822265625 0.091796875 0.064453125
0 0.4794921875 0.283203125 0.091796875 0.06640625
0 0.5810546875 0.28125 0.091796875 0.06640625
0 0.775390625 0.283203125 0.1015625 0.06640625
0 0.880859375 0.2841796875 0.1015625 0.076171875
