0 0.076171875 0.1611328125 0.08203125 0.056640625
0 0.15625 0.1611328125 0.078125 0.056640625
0 0.2294921875 0.1591796875 0.064453125 0.048828125
0 0.2900390625 0.162109375 0.048828125 0.0390625
0 0.345703125 0.16015625 0.0546875 0.0546875
0 0.416015625 0.1591796875 0.0703125 0.052734375
0 0.482421875 0.1591796875 0.0625 0.048828125
0 0.546875 0.1591796875 0.06640625 0.048828125
0 0.62109375 0.158203125 0.07421875 0.05078125
0 0.6982421875 0.154296875 0.080078125 0.0625
0 0.7783203125 0.1591796875 0.068359375 0.048828125
0 0.8515625 0.1591796875 0.078125 0.060546875
0 0.931640625 0.158203125 0.07421875 0.0546875
