0 0.2265625 0.0634765625 0.06640625 0.064453125
0 0.298828125 0.0615234375 0.0703125 0.064453125
0 0.4033203125 0.0625 0.072265625 0.0625
0 0.4755859375 0.0625 0.068359375 0.0625
0 0.5478515625 0.060546875 0.068359375 0.0625
0 0.619140625 0.0595703125 0.0703125 0.060546875
0 0.689453125 0.0595703125 0.0703125 0.060546875
0 0.759765625 0.0615234375 0.06640625 0.064453125
0 0.091796875 0.1572265625 0.12109375 0.080078125
0 0.091796875 0.2431640625 0.140625 0.080078125
0 0.2685546875 0.197265625 0.201171875 0.1640625
0 0.4736328125 0.1962890625 0.197265625 0.166015625
0 0.6728515625 0.197265625 0.193359375 0.16796875
0 0.8740234375 0.1962890625 0.197265625 0.166015625
