0 0.8271484375 0.326171875 0.123046875 0.12109375
0 0.9443359375 0.337890625 0.091796875 0.08984375
0 0.498046875 0.103515625 0.22265625 0.14453125
0 0.494140625 0.2548828125 0.203125 0.146484375
0 0.49609375 0.4072265625 0.2109375 0.142578125
0 0.5029296875 0.5576171875 0.212890625 0.142578125
0 0.4951171875 0.705078125 0.240234375 0.1328125
0 0.4931640625 0.8486328125 0.220703125 0.134765625
0 0.2978515625 0.4658203125 0.095703125 0.072265625
0 0.2998046875 0.5380859375 0.119140625 0.068359375
0 0.3017578125 0.60546875 0.072265625 0.0625
0 0.2998046875 0.6767578125 0.107421875 0.068359375
0 0.298828125 0.74609375 0.10546875 0.06640625
