0 0.873046875 0.091796875 0.23828125 0.1640625
0 0.8759765625 0.255859375 0.244140625 0.14453125
0 0.8740234375 0.375 0.134765625 0.08984375
0 0.6357421875 0.083984375 0.177734375 0.1484375
0 0.6376953125 0.2080078125 0.107421875 0.091796875
0 0.6396484375 0.33984375 0.224609375 0.15625
0 0.6416015625 0.4775390625 0.166015625 0.091796875
0 0.416015625 0.0947265625 0.23828125 0.169921875
0 0.4248046875 0.236328125 0.119140625 0.109375
0 0.4150390625 0.34765625 0.126953125 0.09765625
0 0.232421875 0.060546875 0.08203125 0.05078125
0 0.2314453125 0.11328125 0.072265625 0.0546875
0 0.2314453125 0.1708984375 0.080078125 0.056640625
0 0.234375 0.2236328125 0.0859375 0.048828125
0 0.2314453125 0.2724609375 0.068359375 0.044921875
0 0.228515625 0.3203125 0.0625 0.04296875
0 0.2275390625 0.3662109375 0.080078125 0.037109375
0 0.224609375 0.4150390625 0.0859375 0.048828125
0 0.23046875 0.4697265625 0.09375 0.052734375
