0 0.1787109375 0.1806640625 0.111328125 0.068359375
0 0.287109375 0.1787109375 0.09765625 0.072265625
0 0.3935546875 0.1826171875 0.103515625 0.072265625
0 0.5029296875 0.18359375 0.099609375 0.07421875
0 0.6103515625 0.1826171875 0.103515625 0.072265625
0 0.716796875 0.1845703125 0.1015625 0.072265625
0 0.82421875 0.181640625 0.1015625 0.0703125
0 0.2021484375 0.2724609375 0.146484375 0.107421875
0 0.353515625 0.275390625 0.1484375 0.10546875
0 0.5029296875 0.279296875 0.138671875 0.109375
0 0.6474609375 0.27734375 0.150390625 0.10546875
0 0.8037109375 0.279296875 0.142578125 0.109375
