0 0.4580078125 0.08203125 0.201171875 0.14453125
0 0.6650390625 0.0771484375 0.189453125 0.123046875
0 0.1025390625 0.2265625 0.146484375 0.14453125
0 0.2890625 0.232421875 0.19140625 0.1484375
0 0.5087890625 0.2353515625 0.212890625 0.146484375
0 0.7255859375 0.2353515625 0.201171875 0.146484375
0 0.9091796875 0.234375 0.138671875 0.140625
0 0.15625 0.3857421875 0.20703125 0.150390625
0 0.3369140625 0.38671875 0.138671875 0.140625
0 0.498046875 0.390625 0.171875 0.1171875
0 0.6923828125 0.39453125 0.173828125 0.125
0 0.8818359375 0.396484375 0.177734375 0.12890625
