0 0.4091796875 0.05078125 0.087890625 0.0703125
0 0.501953125 0.05078125 0.08984375 0.07421875
0 0.5908203125 0.05078125 0.087890625 0.0703125
0 0.6787109375 0.05078125 0.087890625 0.06640625
0 0.7646484375 0.05078125 0.083984375 0.06640625
0 0.8515625 0.0498046875 0.08203125 0.068359375
0 0.9384765625 0.0517578125 0.083984375 0.064453125
0 0.4140625 0.1416015625 0.08984375 0.072265625
0 0.505859375 0.142578125 0.0859375 0.0703125
0 0.58984375 0.1416015625 0.08203125 0.068359375
0 0.4140625 0.2353515625 0.09765625 0.072265625
0 0.5087890625 0.234375 0.091796875 0.07421875
