0 0.125 0.3447265625 0.16796875 0.111328125
0 0.27734375 0.3408203125 0.140625 0.107421875
0 0.4248046875 0.3388671875 0.142578125 0.115234375
0 0.5703125 0.3427734375 0.1328125 0.107421875
0 0.7158203125 0.34375 0.150390625 0.11328125
0 0.86328125 0.3408203125 0.1328125 0.107421875
0 0.140625 0.1845703125 0.15234375 0.126953125
0 0.30078125 0.1865234375 0.15625 0.130859375
0 0.4658203125 0.1826171875 0.162109375 0.138671875
0 0.626953125 0.1845703125 0.15234375 0.134765625
0 0.765625 0.205078125 0.1171875 0.09375
0 0.8837890625 0.203125 0.115234375 0.09765625
