0 0.876953125 0.0810546875 0.1015625 0.076171875
0 0.8779296875 0.1611328125 0.064453125 0.072265625
0 0.884765625 0.2373046875 0.1015625 0.068359375
0 0.87890625 0.3125 0.1015625 0.06640625
0 0.8779296875 0.3837890625 0.099609375 0.068359375
0 0.8828125 0.4619140625 0.0703125 0.072265625
0 0.87890625 0.5380859375 0.10546875 0.080078125
0 0.87890625 0.6103515625 0.08984375 0.052734375
0 0.8759765625 0.671875 0.083984375 0.05859375
0 0.87890625 0.7412109375 0.08984375 0.068359375
0 0.875 0.806640625 0.0859375 0.0546875
0 0.875 0.87109375 0.08203125 0.0703125
0 0.876953125 0.9326171875 0.08984375 0.044921875
0 0.7177734375 0.08203125 0.115234375 0.0703125
0 0.712890625 0.1591796875 0.09765625 0.068359375
0 0.72265625 0.234375 0.1015625 0.0703125
0 0.720703125 0.3125 0.09765625 0.078125
0 0.5390625 0.0810546875 0.1015625 0.068359375
0 0.537109375 0.1533203125 0.09375 0.064453125
0 0.541015625 0.228515625 0.1171875 0.078125
0 0.5390625 0.306640625 0.08984375 0.0625
0 0.5419921875 0.3818359375 0.115234375 0.076171875
0 0.53515625 0.4521484375 0.08984375 0.048828125
0 0.5390625 0.515625 0.08984375 0.05859375
0 0.537109375 0.576171875 0.0859375 0.05078125
0 0.5361328125 0.642578125 0.068359375 0.05859375
0 0.5380859375 0.708984375 0.107421875 0.0625
0 0.5400390625 0.7783203125 0.099609375 0.060546875
0 0.37890625 0.0810546875 0.1171875 0.076171875
0 0.384765625 0.16015625 0.10546875 0.0703125
0 0.3837890625 0.234375 0.103515625 0.06640625
0 0.376953125 0.30859375 0.109375 0.0703125
0 0.380859375 0.3857421875 0.09765625 0.068359375
0 0.38671875 0.462890625 0.109375 0.07421875
0 0.380859375 0.5302734375 0.0859375 0.052734375
0 0.375 0.59765625 0.0859375 0.05859375
0 0.3828125 0.6689453125 0.0703125 0.072265625
0 0.380859375 0.7412109375 0.09375 0.068359375
0 0.380859375 0.814453125 0.09765625 0.05859375
0 0.384765625 0.8798828125 0.1015625 0.052734375
