0 0.146484375 0.0947265625 0.10546875 0.068359375
0 0.2470703125 0.0966796875 0.095703125 0.072265625
0 0.37890625 0.0947265625 0.078125 0.080078125
0 0.4521484375 0.09375 0.044921875 0.06640625
0 0.5 0.0947265625 0.05078125 0.060546875
0 0.578125 0.09375 0.08984375 0.0703125
0 0.6767578125 0.09375 0.095703125 0.07421875
0 0.7802734375 0.095703125 0.091796875 0.05078125
0 0.1435546875 0.1787109375 0.103515625 0.076171875
0 0.2509765625 0.17578125 0.099609375 0.078125
0 0.333984375 0.1767578125 0.05859375 0.068359375
0 0.4130859375 0.177734375 0.087890625 0.07421875
0 0.5107421875 0.1767578125 0.111328125 0.072265625
0 0.60546875 0.177734375 0.06640625 0.06640625
0 0.6845703125 0.1796875 0.072265625 0.06640625
