0 0.080078125 0.0869140625 0.11328125 0.080078125
0 0.1923828125 0.0888671875 0.103515625 0.080078125
0 0.1005859375 0.203125 0.162109375 0.109375
0 0.259765625 0.205078125 0.1484375 0.1171875
0 0.4169921875 0.203125 0.150390625 0.109375
0 0.5751953125 0.2080078125 0.150390625 0.111328125
0 0.736328125 0.2041015625 0.15625 0.103515625
0 0.8984375 0.205078125 0.1484375 0.109375
0 0.0986328125 0.322265625 0.150390625 0.10546875
0 0.2509765625 0.3232421875 0.138671875 0.103515625
0 0.3984375 0.322265625 0.140625 0.1015625
0 0.5322265625 0.3212890625 0.115234375 0.111328125
