0 0.1103515625 0.150390625 0.166015625 0.125
0 0.275390625 0.15234375 0.15234375 0.109375
0 0.4384765625 0.150390625 0.154296875 0.12109375
0 0.609375 0.1533203125 0.15625 0.119140625
0 0.771484375 0.150390625 0.1484375 0.109375
0 0.9248046875 0.154296875 0.134765625 0.1171875
0 0.107421875 0.28125 0.16015625 0.12109375
0 0.26953125 0.2841796875 0.1484375 0.126953125
0 0.4296875 0.287109375 0.1484375 0.125
0 0.5888671875 0.2822265625 0.158203125 0.123046875
0 0.7470703125 0.2861328125 0.158203125 0.123046875
0 0.91015625 0.2822265625 0.13671875 0.123046875
