0 0.1806640625 0.0576171875 0.107421875 0.076171875
0 0.2900390625 0.060546875 0.099609375 0.0859375
0 0.4072265625 0.0576171875 0.111328125 0.080078125
0 0.5224609375 0.0576171875 0.107421875 0.080078125
0 0.650390625 0.0625 0.11328125 0.08203125
0 0.7646484375 0.056640625 0.115234375 0.08203125
0 0.912109375 0.0595703125 0.1328125 0.083984375
0 0.90625 0.1416015625 0.1015625 0.072265625
0 0.91015625 0.2216796875 0.1328125 0.068359375
0 0.9150390625 0.2998046875 0.126953125 0.083984375
0 0.9091796875 0.3837890625 0.126953125 0.072265625
