0 0.15234375 0.06640625 0.0703125 0.1171875
0 0.2392578125 0.068359375 0.095703125 0.1171875
0 0.3095703125 0.0703125 0.037109375 0.0390625
0 0.3505859375 0.0712890625 0.033203125 0.033203125
0 0.388671875 0.0712890625 0.0390625 0.029296875
0 0.4501953125 0.0703125 0.080078125 0.06640625
0 0.541015625 0.068359375 0.08203125 0.06640625
0 0.6220703125 0.0693359375 0.072265625 0.052734375
0 0.7841796875 0.06640625 0.076171875 0.0625
0 0.859375 0.072265625 0.0625 0.046875
0 0.9228515625 0.0673828125 0.052734375 0.060546875
0 0.119140625 0.220703125 0.20703125 0.15625
0 0.3330078125 0.2197265625 0.216796875 0.150390625
0 0.55078125 0.2197265625 0.20703125 0.154296875
0 0.7724609375 0.2177734375 0.216796875 0.150390625
0 0.93359375 0.248046875 0.09375 0.0703125
0 0.2724609375 0.37890625 0.220703125 0.1484375
0 0.4921875 0.376953125 0.2109375 0.14453125
0 0.7158203125 0.37890625 0.216796875 0.15234375
