0 0.197265625 0.095703125 0.08203125 0.05859375
0 0.1943359375 0.1591796875 0.076171875 0.060546875
0 0.1943359375 0.2236328125 0.072265625 0.060546875
0 0.1953125 0.287109375 0.09765625 0.0625
0 0.1943359375 0.35546875 0.083984375 0.06640625
0 0.1953125 0.4140625 0.07421875 0.06640625
0 0.0986328125 0.095703125 0.095703125 0.06640625
0 0.0947265625 0.162109375 0.087890625 0.0625
0 0.09375 0.2275390625 0.07421875 0.060546875
0 0.0947265625 0.2890625 0.072265625 0.0625
0 0.0947265625 0.349609375 0.060546875 0.05859375
0 0.10546875 0.412109375 0.08203125 0.05859375
0 0.099609375 0.4677734375 0.0859375 0.056640625
0 0.09765625 0.5185546875 0.1015625 0.044921875
0 0.109375 0.580078125 0.1015625 0.0625
0 0.103515625 0.634765625 0.08984375 0.05078125
