0 0.849609375 0.1142578125 0.08203125 0.052734375
0 0.8505859375 0.1728515625 0.083984375 0.060546875
0 0.8505859375 0.232421875 0.080078125 0.0546875
0 0.853515625 0.2841796875 0.078125 0.017578125
0 0.8583984375 0.3388671875 0.087890625 0.060546875
0 0.16796875 0.12109375 0.11328125 0.06640625
0 0.162109375 0.189453125 0.1015625 0.0390625
0 0.169921875 0.2373046875 0.08203125 0.052734375
0 0.169921875 0.2958984375 0.09765625 0.060546875
0 0.1630859375 0.3583984375 0.095703125 0.056640625
0 0.1650390625 0.4208984375 0.095703125 0.064453125
0 0.1708984375 0.4892578125 0.083984375 0.064453125
