0 0.2177734375 0.1708984375 0.193359375 0.126953125
0 0.404296875 0.1787109375 0.17578125 0.126953125
0 0.5966796875 0.1767578125 0.185546875 0.126953125
0 0.7919921875 0.1767578125 0.185546875 0.130859375
0 0.1904296875 0.296875 0.126953125 0.09375
0 0.32421875 0.2958984375 0.125 0.091796875
0 0.4462890625 0.3076171875 0.083984375 0.056640625
0 0.55859375 0.2978515625 0.125 0.091796875
0 0.69140625 0.298828125 0.125 0.09375
0 0.8193359375 0.298828125 0.119140625 0.078125
0 0.255859375 0.4033203125 0.06640625 0.048828125
0 0.33203125 0.40625 0.06640625 0.0546875
0 0.4091796875 0.4091796875 0.068359375 0.060546875
0 0.5546875 0.4072265625 0.06640625 0.056640625
0 0.626953125 0.4052734375 0.0703125 0.048828125
0 0.701171875 0.4072265625 0.0625 0.056640625
0 0.775390625 0.408203125 0.078125 0.0546875
0 0.8505859375 0.408203125 0.072265625 0.0546875
