0 0.2041015625 0.1796875 0.107421875 0.08203125
0 0.31640625 0.1767578125 0.10546875 0.083984375
0 0.427734375 0.1787109375 0.10546875 0.083984375
0 0.578125 0.1796875 0.10546875 0.08203125
0 0.6884765625 0.1787109375 0.107421875 0.080078125
0 0.7958984375 0.1787109375 0.107421875 0.083984375
0 0.2109375 0.26171875 0.12109375 0.07421875
0 0.3115234375 0.26171875 0.076171875 0.07421875
0 0.40625 0.2607421875 0.10546875 0.076171875
0 0.5068359375 0.2646484375 0.095703125 0.072265625
0 0.6083984375 0.259765625 0.103515625 0.0625
0 0.802734375 0.2607421875 0.10546875 0.068359375
