0 0.3154296875 0.0947265625 0.177734375 0.142578125
0 0.5 0.0908203125 0.17578125 0.142578125
0 0.681640625 0.0947265625 0.1796875 0.142578125
0 0.8408203125 0.1142578125 0.126953125 0.103515625
0 0.31640625 0.2412109375 0.1796875 0.134765625
0 0.4951171875 0.236328125 0.177734375 0.09765625
0 0.6845703125 0.2353515625 0.177734375 0.107421875
0 0.08984375 0.3515625 0.11328125 0.11328125
0 0.2265625 0.3623046875 0.13671875 0.083984375
0 0.5 0.3515625 0.1484375 0.08984375
0 0.6513671875 0.353515625 0.142578125 0.1015625
0 0.8046875 0.3515625 0.13671875 0.11328125
0 0.923828125 0.37109375 0.10546875 0.07421875
0 0.2314453125 0.45703125 0.123046875 0.0859375
0 0.3544921875 0.4580078125 0.099609375 0.083984375
0 0.4716796875 0.4580078125 0.111328125 0.091796875
0 0.595703125 0.4599609375 0.125 0.083984375
0 0.724609375 0.4580078125 0.12109375 0.091796875
