0 0.1044921875 0.1044921875 0.095703125 0.060546875
0 0.09765625 0.1640625 0.09375 0.0625
0 0.10546875 0.220703125 0.10546875 0.0625
0 0.1064453125 0.2822265625 0.099609375 0.056640625
0 0.111328125 0.337890625 0.09375 0.046875
0 0.1103515625 0.390625 0.103515625 0.0625
0 0.1064453125 0.4423828125 0.087890625 0.060546875
0 0.11328125 0.5068359375 0.1015625 0.060546875
0 0.1142578125 0.5634765625 0.087890625 0.056640625
0 0.109375 0.6484375 0.09375 0.0625
0 0.11328125 0.607421875 0.1015625 0.01171875
