0 0.1025390625 0.1240234375 0.130859375 0.087890625
0 0.23046875 0.125 0.12890625 0.0859375
0 0.357421875 0.1259765625 0.12890625 0.087890625
0 0.4873046875 0.12890625 0.126953125 0.08984375
0 0.6103515625 0.126953125 0.115234375 0.08203125
0 0.7294921875 0.126953125 0.119140625 0.08203125
0 0.2421875 0.2548828125 0.13671875 0.091796875
0 0.369140625 0.259765625 0.11328125 0.0859375
0 0.494140625 0.26171875 0.12890625 0.08203125
0 0.6015625 0.2626953125 0.09765625 0.087890625
0 0.7275390625 0.26171875 0.146484375 0.08984375
