0 0.279296875 0.08203125 0.13671875 0.0859375
0 0.2734375 0.1806640625 0.1484375 0.091796875
0 0.2763671875 0.2763671875 0.107421875 0.083984375
0 0.2822265625 0.3671875 0.142578125 0.08984375
0 0.2705078125 0.43359375 0.080078125 0.03515625
0 0.2724609375 0.50390625 0.150390625 0.1015625
0 0.2822265625 0.595703125 0.146484375 0.07421875
0 0.2734375 0.6923828125 0.140625 0.103515625
0 0.107421875 0.083984375 0.1328125 0.09375
0 0.10546875 0.1796875 0.125 0.08203125
0 0.11328125 0.26953125 0.12890625 0.0859375
0 0.1064453125 0.3330078125 0.052734375 0.037109375
0 0.1123046875 0.40234375 0.146484375 0.08984375
0 0.1064453125 0.5009765625 0.134765625 0.091796875
