0 0.111328125 0.0517578125 0.11328125 0.060546875
0 0.10546875 0.115234375 0.09375 0.0546875
0 0.1044921875 0.1787109375 0.072265625 0.064453125
0 0.2041015625 0.177734375 0.076171875 0.0546875
0 0.0849609375 0.2431640625 0.052734375 0.052734375
0 0.1455078125 0.244140625 0.056640625 0.0546875
0 0.2353515625 0.2451171875 0.091796875 0.056640625
0 0.3466796875 0.2431640625 0.095703125 0.052734375
0 0.1083984375 0.3095703125 0.080078125 0.060546875
0 0.2060546875 0.3076171875 0.083984375 0.056640625
0 0.2890625 0.3076171875 0.0703125 0.048828125
0 0.3798828125 0.306640625 0.064453125 0.05078125
0 0.46484375 0.3056640625 0.078125 0.064453125
0 0.5400390625 0.306640625 0.052734375 0.0546875
0 0.6015625 0.361328125 0.11328125 0.05859375
0 0.6015625 0.42578125 0.09375 0.0625
