0 0.1552734375 0.126953125 0.212890625 0.1484375
0 0.3828125 0.1318359375 0.21484375 0.154296875
0 0.6064453125 0.12890625 0.208984375 0.15234375
0 0.7763671875 0.08984375 0.103515625 0.07421875
0 0.8818359375 0.0908203125 0.095703125 0.068359375
0 0.77734375 0.1650390625 0.10546875 0.068359375
0 0.8857421875 0.1640625 0.103515625 0.0703125
0 0.1474609375 0.296875 0.189453125 0.15234375
0 0.3310546875 0.2958984375 0.146484375 0.103515625
0 0.4814453125 0.2666015625 0.064453125 0.052734375
0 0.55859375 0.2646484375 0.08203125 0.060546875
0 0.6376953125 0.2626953125 0.076171875 0.052734375
0 0.716796875 0.263671875 0.07421875 0.05859375
0 0.7978515625 0.2626953125 0.080078125 0.056640625
0 0.4833984375 0.32421875 0.076171875 0.05078125
0 0.5556640625 0.3291015625 0.072265625 0.037109375
0 0.630859375 0.3232421875 0.0703125 0.052734375
0 0.6982421875 0.32421875 0.056640625 0.05078125
0 0.767578125 0.322265625 0.0625 0.0546875
