0 0.0830078125 0.244140625 0.150390625 0.10546875
0 0.21875 0.2412109375 0.09375 0.103515625
0 0.3349609375 0.2470703125 0.119140625 0.083984375
0 0.4931640625 0.244140625 0.166015625 0.109375
0 0.90625 0.2421875 0.16015625 0.109375
0 0.08203125 0.3701171875 0.16015625 0.119140625
0 0.2451171875 0.3701171875 0.158203125 0.119140625
0 0.4091796875 0.369140625 0.138671875 0.1015625
0 0.0810546875 0.498046875 0.158203125 0.11328125
0 0.236328125 0.4990234375 0.15625 0.107421875
0 0.390625 0.498046875 0.13671875 0.10546875
0 0.0771484375 0.623046875 0.150390625 0.1015625
0 0.2197265625 0.6240234375 0.126953125 0.107421875
0 0.3544921875 0.625 0.134765625 0.08984375
0 0.5029296875 0.62890625 0.134765625 0.0859375
0 0.62890625 0.6240234375 0.09765625 0.107421875
0 0.7744140625 0.625 0.138671875 0.08984375
0 0.921875 0.6201171875 0.1484375 0.107421875
