0 0.3818359375 0.0771484375 0.072265625 0.052734375
0 0.4658203125 0.078125 0.072265625 0.0546875
0 0.5439453125 0.078125 0.080078125 0.0546875
0 0.626953125 0.0810546875 0.08203125 0.056640625
0 0.373046875 0.1640625 0.12890625 0.08203125
0 0.50390625 0.166015625 0.1171875 0.0859375
0 0.6318359375 0.162109375 0.126953125 0.0859375
0 0.763671875 0.1640625 0.125 0.0859375
0 0.302734375 0.2587890625 0.125 0.080078125
0 0.4345703125 0.2587890625 0.126953125 0.083984375
0 0.5693359375 0.2587890625 0.130859375 0.080078125
0 0.69921875 0.2587890625 0.125 0.083984375
