0 0.4345703125 0.16015625 0.322265625 0.22265625
0 0.796875 0.1611328125 0.3359375 0.216796875
0 0.4384765625 0.3935546875 0.361328125 0.216796875
0 0.7978515625 0.390625 0.333984375 0.23046875
0 0.0810546875 0.6015625 0.119140625 0.10546875
0 0.1865234375 0.599609375 0.111328125 0.10546875
0 0.2861328125 0.603515625 0.080078125 0.125
0 0.3798828125 0.6015625 0.091796875 0.125
0 0.6015625 0.6005859375 0.11328125 0.123046875
0 0.814453125 0.6025390625 0.0859375 0.126953125
0 0.923828125 0.6015625 0.12109375 0.1328125
