0 0.13671875 0.1298828125 0.16796875 0.119140625
0 0.1474609375 0.2509765625 0.154296875 0.111328125
0 0.130859375 0.3642578125 0.15625 0.107421875
0 0.138671875 0.451171875 0.12890625 0.0703125
0 0.1455078125 0.552734375 0.185546875 0.125
0 0.142578125 0.681640625 0.1953125 0.125
0 0.345703125 0.12109375 0.19140625 0.09765625
0 0.3427734375 0.232421875 0.150390625 0.11328125
0 0.353515625 0.3466796875 0.17578125 0.111328125
0 0.341796875 0.46484375 0.16015625 0.12109375
0 0.3466796875 0.5830078125 0.154296875 0.115234375
0 0.3515625 0.7041015625 0.18359375 0.115234375
