0 0.087890625 0.1123046875 0.109375 0.083984375
0 0.193359375 0.1103515625 0.09375 0.076171875
0 0.29296875 0.1123046875 0.08984375 0.083984375
0 0.384765625 0.115234375 0.0703125 0.06640625
0 0.474609375 0.1123046875 0.10546875 0.080078125
0 0.57421875 0.1083984375 0.09765625 0.087890625
0 0.6806640625 0.111328125 0.111328125 0.08203125
0 0.7861328125 0.111328125 0.107421875 0.0859375
0 0.892578125 0.111328125 0.1015625 0.0859375
0 0.474609375 0.212890625 0.10546875 0.08984375
0 0.580078125 0.2119140625 0.1171875 0.083984375
0 0.6796875 0.2138671875 0.09375 0.095703125
0 0.7802734375 0.2119140625 0.099609375 0.087890625
0 0.892578125 0.2109375 0.1171875 0.0859375
