0 0.2421875 0.2119140625 0.15234375 0.119140625
0 0.4013671875 0.212890625 0.150390625 0.109375
0 0.5478515625 0.2177734375 0.146484375 0.091796875
0 0.69921875 0.21484375 0.15234375 0.109375
0 0.853515625 0.2177734375 0.16015625 0.107421875
0 0.255859375 0.333984375 0.171875 0.12109375
0 0.4296875 0.333984375 0.1796875 0.125
0 0.603515625 0.3310546875 0.16796875 0.123046875
0 0.77734375 0.333984375 0.171875 0.12109375
0 0.2119140625 0.4560546875 0.099609375 0.115234375
0 0.3095703125 0.4580078125 0.095703125 0.111328125
0 0.447265625 0.4609375 0.18359375 0.125
0 0.599609375 0.4716796875 0.1171875 0.095703125
0 0.7265625 0.466796875 0.1484375 0.11328125
0 0.869140625 0.4658203125 0.12890625 0.095703125
