0 0.548828125 0.1259765625 0.171875 0.119140625
0 0.6162109375 0.22265625 0.119140625 0.0859375
0 0.6201171875 0.3056640625 0.126953125 0.080078125
0 0.619140625 0.38671875 0.125 0.08203125
0 0.6201171875 0.4697265625 0.126953125 0.083984375
0 0.6201171875 0.5576171875 0.126953125 0.083984375
0 0.619140625 0.6298828125 0.10546875 0.064453125
0 0.48046875 0.2783203125 0.12890625 0.087890625
0 0.482421875 0.365234375 0.125 0.0859375
0 0.4794921875 0.44921875 0.115234375 0.0859375
0 0.4775390625 0.53515625 0.123046875 0.0859375
0 0.4794921875 0.619140625 0.119140625 0.0859375
