0 0.11328125 0.111328125 0.16796875 0.12109375
0 0.2841796875 0.11328125 0.173828125 0.12109375
0 0.4541015625 0.109375 0.166015625 0.11328125
0 0.615234375 0.1083984375 0.16796875 0.119140625
0 0.21875 0.2373046875 0.14453125 0.111328125
0 0.380859375 0.2255859375 0.1640625 0.099609375
0 0.548828125 0.232421875 0.171875 0.1015625
0 0.7255859375 0.232421875 0.177734375 0.12109375
0 0.5498046875 0.3564453125 0.173828125 0.123046875
0 0.7236328125 0.357421875 0.173828125 0.12109375
0 0.8955078125 0.3583984375 0.173828125 0.123046875
