0 0.05859375 0.1416015625 0.0703125 0.064453125
0 0.201171875 0.1396484375 0.0703125 0.068359375
0 0.2685546875 0.1396484375 0.068359375 0.060546875
0 0.3369140625 0.138671875 0.072265625 0.0546875
0 0.482421875 0.140625 0.0703125 0.06640625
0 0.541015625 0.142578125 0.06640625 0.0625
0 0.61328125 0.1396484375 0.0625 0.056640625
0 0.6845703125 0.1357421875 0.056640625 0.064453125
0 0.74609375 0.1435546875 0.05078125 0.041015625
0 0.8076171875 0.13671875 0.064453125 0.0625
0 0.86328125 0.140625 0.046875 0.0546875
0 0.935546875 0.140625 0.08203125 0.0625
0 0.0654296875 0.2216796875 0.076171875 0.060546875
0 0.1455078125 0.21875 0.072265625 0.0546875
0 0.216796875 0.2216796875 0.0546875 0.060546875
0 0.2880859375 0.2197265625 0.083984375 0.064453125
0 0.359375 0.21875 0.078125 0.0703125
