0 0.0888671875 0.11328125 0.158203125 0.10546875
0 0.2548828125 0.111328125 0.166015625 0.109375
0 0.42578125 0.1123046875 0.16015625 0.103515625
0 0.595703125 0.1103515625 0.15625 0.107421875
0 0.9140625 0.1103515625 0.16796875 0.115234375
0 0.3544921875 0.19921875 0.072265625 0.04296875
0 0.42578125 0.1982421875 0.0703125 0.048828125
0 0.49609375 0.201171875 0.0625 0.046875
0 0.56640625 0.19921875 0.06640625 0.04296875
0 0.6396484375 0.201171875 0.072265625 0.046875
0 0.1376953125 0.3251953125 0.271484375 0.177734375
0 0.32421875 0.326171875 0.0859375 0.1796875
0 0.4560546875 0.35546875 0.166015625 0.12109375
0 0.67578125 0.3232421875 0.2578125 0.177734375
0 0.9013671875 0.322265625 0.193359375 0.1796875
