0 0.1240234375 0.2685546875 0.076171875 0.072265625
0 0.1943359375 0.26953125 0.064453125 0.07421875
0 0.263671875 0.271484375 0.078125 0.0703125
0 0.3271484375 0.2685546875 0.068359375 0.072265625
0 0.40234375 0.2685546875 0.0859375 0.080078125
0 0.484375 0.2705078125 0.08203125 0.080078125
0 0.568359375 0.248046875 0.0625 0.04296875
0 0.6328125 0.248046875 0.05859375 0.04296875
0 0.6962890625 0.2490234375 0.048828125 0.048828125
0 0.7548828125 0.248046875 0.056640625 0.05078125
0 0.806640625 0.255859375 0.05078125 0.03515625
0 0.86328125 0.25 0.0546875 0.046875
0 0.55078125 0.3173828125 0.06640625 0.080078125
0 0.623046875 0.3173828125 0.06640625 0.076171875
0 0.6904296875 0.2998046875 0.060546875 0.044921875
0 0.74609375 0.3193359375 0.05859375 0.080078125
0 0.8154296875 0.3173828125 0.064453125 0.080078125
0 0.8779296875 0.2958984375 0.052734375 0.041015625
