0 0.1318359375 0.0458984375 0.080078125 0.064453125
0 0.1982421875 0.0458984375 0.064453125 0.064453125
0 0.259765625 0.0458984375 0.046875 0.076171875
0 0.326171875 0.048828125 0.05859375 0.06640625
0 0.3896484375 0.044921875 0.064453125 0.06640625
0 0.4990234375 0.0419921875 0.060546875 0.064453125
0 0.5673828125 0.0458984375 0.072265625 0.072265625
0 0.642578125 0.0419921875 0.0625 0.064453125
0 0.7001953125 0.0458984375 0.056640625 0.064453125
0 0.7666015625 0.046875 0.064453125 0.06640625
0 0.83203125 0.044921875 0.0546875 0.06640625
0 0.3056640625 0.119140625 0.072265625 0.07421875
0 0.3740234375 0.115234375 0.068359375 0.05859375
0 0.4375 0.1162109375 0.0625 0.072265625
0 0.4794921875 0.126953125 0.029296875 0.0390625
0 0.53125 0.1142578125 0.07421875 0.076171875
0 0.654296875 0.1123046875 0.08203125 0.068359375
