0 0.154296875 0.095703125 0.109375 0.07421875
0 0.2568359375 0.0986328125 0.083984375 0.068359375
0 0.3544921875 0.0927734375 0.095703125 0.072265625
0 0.4560546875 0.095703125 0.099609375 0.0703125
0 0.55859375 0.09375 0.1015625 0.0703125
0 0.6533203125 0.099609375 0.083984375 0.0546875
0 0.15234375 0.1728515625 0.10546875 0.068359375
0 0.2509765625 0.173828125 0.083984375 0.06640625
0 0.3525390625 0.173828125 0.099609375 0.0703125
0 0.4541015625 0.1748046875 0.091796875 0.072265625
0 0.5517578125 0.17578125 0.099609375 0.07421875
