0 0.162109375 0.2314453125 0.171875 0.119140625
0 0.333984375 0.2392578125 0.17578125 0.115234375
0 0.5048828125 0.234375 0.162109375 0.125
0 0.6796875 0.2421875 0.1640625 0.109375
0 0.85546875 0.236328125 0.1484375 0.12109375
0 0.24609375 0.365234375 0.1640625 0.1171875
0 0.42578125 0.3671875 0.171875 0.12109375
0 0.6015625 0.3681640625 0.1484375 0.111328125
0 0.767578125 0.3701171875 0.16015625 0.111328125
0 0.1611328125 0.498046875 0.169921875 0.1171875
0 0.337890625 0.5 0.16796875 0.11328125
0 0.50390625 0.4990234375 0.1640625 0.107421875
0 0.6806640625 0.4951171875 0.166015625 0.119140625
0 0.8564453125 0.4970703125 0.166015625 0.119140625
