0 0.13671875 0.08984375 0.20703125 0.15625
0 0.3369140625 0.0908203125 0.181640625 0.150390625
0 0.4580078125 0.32421875 0.197265625 0.15625
0 0.6279296875 0.32421875 0.134765625 0.1484375
0 0.787109375 0.3251953125 0.17578125 0.138671875
0 0.935546875 0.3251953125 0.125 0.150390625
0 0.126953125 0.5791015625 0.21484375 0.150390625
0 0.330078125 0.5791015625 0.203125 0.158203125
0 0.515625 0.580078125 0.16796875 0.140625
0 0.703125 0.5810546875 0.20703125 0.154296875
0 0.9052734375 0.5830078125 0.181640625 0.134765625
