0 0.3427734375 0.1689453125 0.169921875 0.115234375
0 0.4970703125 0.1689453125 0.154296875 0.111328125
0 0.65625 0.173828125 0.14453125 0.09765625
0 0.173828125 0.2802734375 0.11328125 0.103515625
0 0.287109375 0.279296875 0.09375 0.09765625
0 0.3935546875 0.27734375 0.099609375 0.10546875
0 0.61328125 0.27734375 0.1015625 0.10546875
0 0.72265625 0.2880859375 0.09765625 0.076171875
0 0.8232421875 0.27734375 0.083984375 0.11328125
0 0.34765625 0.390625 0.16015625 0.109375
0 0.6435546875 0.390625 0.173828125 0.1171875
