0 0.1318359375 0.19140625 0.076171875 0.07421875
0 0.2197265625 0.1904296875 0.080078125 0.076171875
0 0.2939453125 0.19140625 0.072265625 0.07421875
0 0.375 0.19140625 0.0859375 0.07421875
0 0.453125 0.189453125 0.0703125 0.06640625
0 0.5341796875 0.19140625 0.083984375 0.07421875
0 0.6142578125 0.19140625 0.080078125 0.078125
0 0.6982421875 0.1904296875 0.080078125 0.076171875
0 0.7763671875 0.19140625 0.080078125 0.07421875
0 0.8603515625 0.1923828125 0.072265625 0.068359375
0 0.1533203125 0.2998046875 0.119140625 0.126953125
0 0.2646484375 0.3017578125 0.103515625 0.130859375
0 0.3662109375 0.2998046875 0.099609375 0.115234375
0 0.4697265625 0.2998046875 0.103515625 0.126953125
0 0.578125 0.30078125 0.1171875 0.12109375
0 0.6845703125 0.2958984375 0.072265625 0.119140625
0 0.7451171875 0.2978515625 0.060546875 0.119140625
0 0.802734375 0.2998046875 0.0546875 0.126953125
0 0.87109375 0.298828125 0.078125 0.12109375
