0 0.82421875 0.076171875 0.11328125 0.07421875
0 0.828125 0.15625 0.10546875 0.07421875
0 0.826171875 0.234375 0.1171875 0.0703125
0 0.8369140625 0.31640625 0.126953125 0.078125
0 0.8408203125 0.4501953125 0.103515625 0.048828125
0 0.83203125 0.51953125 0.12109375 0.078125
0 0.82421875 0.6005859375 0.10546875 0.060546875
0 0.6748046875 0.2666015625 0.154296875 0.099609375
0 0.673828125 0.375 0.15234375 0.09765625
0 0.671875 0.4814453125 0.1640625 0.103515625
0 0.66796875 0.58984375 0.171875 0.09765625
