0 0.1806640625 0.359375 0.048828125 0.05078125
0 0.2216796875 0.3564453125 0.021484375 0.048828125
0 0.2685546875 0.359375 0.064453125 0.05078125
0 0.3388671875 0.361328125 0.080078125 0.05078125
0 0.4052734375 0.3603515625 0.068359375 0.041015625
0 0.4755859375 0.361328125 0.068359375 0.0546875
0 0.5439453125 0.361328125 0.068359375 0.05078125
0 0.611328125 0.361328125 0.0546875 0.05078125
0 0.6748046875 0.3603515625 0.076171875 0.052734375
0 0.75 0.3603515625 0.0703125 0.048828125
0 0.822265625 0.361328125 0.06640625 0.05078125
