0 0.28125 0.1396484375 0.12109375 0.087890625
0 0.3984375 0.1435546875 0.1171875 0.087890625
0 0.5185546875 0.138671875 0.111328125 0.0859375
0 0.6298828125 0.142578125 0.115234375 0.08984375
0 0.7392578125 0.142578125 0.119140625 0.08203125
0 0.2158203125 0.234375 0.126953125 0.09765625
0 0.3427734375 0.236328125 0.119140625 0.09375
0 0.4599609375 0.232421875 0.091796875 0.0859375
0 0.5791015625 0.232421875 0.115234375 0.09765625
0 0.689453125 0.2353515625 0.09765625 0.091796875
0 0.7998046875 0.240234375 0.138671875 0.0859375
