0 0.125 0.0693359375 0.1328125 0.099609375
0 0.2548828125 0.0693359375 0.130859375 0.099609375
0 0.3994140625 0.0693359375 0.134765625 0.095703125
0 0.533203125 0.0693359375 0.1328125 0.095703125
0 0.6689453125 0.0703125 0.130859375 0.09765625
0 0.7822265625 0.0439453125 0.068359375 0.041015625
0 0.7783203125 0.091796875 0.068359375 0.046875
0 0.84765625 0.0927734375 0.05859375 0.041015625
0 0.9169921875 0.0947265625 0.060546875 0.041015625
0 0.095703125 0.17578125 0.046875 0.09375
0 0.2099609375 0.177734375 0.119140625 0.09375
0 0.3583984375 0.177734375 0.150390625 0.109375
0 0.515625 0.1748046875 0.14453125 0.103515625
0 0.12109375 0.341796875 0.140625 0.0859375
0 0.265625 0.34375 0.13671875 0.08203125
0 0.3974609375 0.3486328125 0.119140625 0.072265625
0 0.53515625 0.3427734375 0.13671875 0.095703125
0 0.669921875 0.345703125 0.13671875 0.09375
