0 0.216796875 0.189453125 0.234375 0.27734375
0 0.5458984375 0.1904296875 0.384765625 0.283203125
0 0.83203125 0.1884765625 0.08203125 0.275390625
0 0.1259765625 0.4306640625 0.052734375 0.060546875
0 0.1884765625 0.431640625 0.076171875 0.0625
0 0.248046875 0.4306640625 0.02734375 0.060546875
0 0.3134765625 0.431640625 0.044921875 0.05859375
0 0.3701171875 0.4306640625 0.052734375 0.060546875
0 0.427734375 0.4296875 0.046875 0.05859375
0 0.4775390625 0.427734375 0.056640625 0.0625
0 0.5302734375 0.4296875 0.048828125 0.05859375
0 0.5966796875 0.4296875 0.087890625 0.05859375
0 0.6796875 0.4287109375 0.0703125 0.056640625
0 0.755859375 0.427734375 0.08203125 0.06640625
0 0.8359375 0.4287109375 0.07421875 0.064453125
