0 0.7861328125 0.099609375 0.107421875 0.08203125
0 0.7900390625 0.1796875 0.123046875 0.08203125
0 0.7900390625 0.2626953125 0.123046875 0.083984375
0 0.6591796875 0.09765625 0.126953125 0.0859375
0 0.6611328125 0.18359375 0.119140625 0.08984375
0 0.6611328125 0.271484375 0.119140625 0.078125
0 0.65625 0.353515625 0.12109375 0.08984375
0 0.6572265625 0.4384765625 0.130859375 0.083984375
0 0.658203125 0.5166015625 0.09765625 0.072265625
0 0.2294921875 0.099609375 0.115234375 0.08203125
0 0.2275390625 0.1796875 0.099609375 0.08203125
0 0.228515625 0.251953125 0.1171875 0.078125
0 0.228515625 0.3359375 0.12109375 0.08203125
0 0.2265625 0.4189453125 0.109375 0.080078125
0 0.232421875 0.5625 0.296875 0.2109375
