0 0.1318359375 0.1103515625 0.064453125 0.060546875
0 0.1884765625 0.1083984375 0.060546875 0.052734375
0 0.24609375 0.107421875 0.05859375 0.02734375
0 0.298828125 0.1103515625 0.0546875 0.041015625
0 0.359375 0.1083984375 0.05078125 0.052734375
0 0.4189453125 0.107421875 0.048828125 0.046875
0 0.466796875 0.107421875 0.04296875 0.046875
0 0.5302734375 0.1044921875 0.068359375 0.041015625
0 0.640625 0.1064453125 0.06640625 0.060546875
0 0.6982421875 0.1083984375 0.052734375 0.048828125
0 0.75390625 0.10546875 0.046875 0.05078125
0 0.8095703125 0.1064453125 0.056640625 0.052734375
0 0.8701171875 0.1064453125 0.060546875 0.052734375
