0 0.439453125 0.130859375 0.09375 0.05859375
0 0.439453125 0.1884765625 0.09375 0.056640625
0 0.44140625 0.236328125 0.08984375 0.015625
0 0.44140625 0.2802734375 0.08984375 0.060546875
0 0.29296875 0.1376953125 0.0859375 0.072265625
0 0.2998046875 0.2138671875 0.126953125 0.072265625
0 0.294921875 0.28125 0.12109375 0.06640625
0 0.298828125 0.34375 0.09765625 0.05078125
0 0.298828125 0.4130859375 0.125 0.072265625
0 0.2958984375 0.4814453125 0.080078125 0.056640625
0 0.298828125 0.5546875 0.12890625 0.07421875
0 0.2939453125 0.626953125 0.130859375 0.07421875
0 0.16015625 0.1298828125 0.10546875 0.060546875
0 0.166015625 0.1962890625 0.10546875 0.060546875
0 0.1640625 0.26171875 0.09375 0.0703125
0 0.16796875 0.3173828125 0.1015625 0.052734375
0 0.16796875 0.3681640625 0.0625 0.037109375
0 0.1728515625 0.4140625 0.091796875 0.046875
0 0.1806640625 0.4677734375 0.080078125 0.064453125
0 0.171875 0.5234375 0.08203125 0.05078125
