0 0.24609375 0.080078125 0.1640625 0.12109375
0 0.412109375 0.080078125 0.16796875 0.109375
0 0.5830078125 0.08203125 0.166015625 0.1171875
0 0.755859375 0.0830078125 0.16796875 0.119140625
0 0.14453125 0.193359375 0.07421875 0.08203125
0 0.244140625 0.193359375 0.1171875 0.0859375
0 0.361328125 0.193359375 0.109375 0.0703125
0 0.4638671875 0.1953125 0.091796875 0.08203125
0 0.556640625 0.1953125 0.09765625 0.06640625
0 0.66015625 0.1923828125 0.09765625 0.072265625
0 0.7646484375 0.19140625 0.103515625 0.07421875
0 0.87109375 0.193359375 0.1015625 0.0703125
