0 0.1083984375 0.0888671875 0.123046875 0.095703125
0 0.240234375 0.0908203125 0.12890625 0.095703125
0 0.416015625 0.0908203125 0.12890625 0.095703125
0 0.544921875 0.0947265625 0.125 0.099609375
0 0.6787109375 0.09375 0.126953125 0.08984375
0 0.806640625 0.091796875 0.1171875 0.08984375
0 0.111328125 0.193359375 0.12890625 0.09765625
0 0.23828125 0.1953125 0.1171875 0.09765625
0 0.3720703125 0.1943359375 0.130859375 0.091796875
0 0.5048828125 0.19140625 0.123046875 0.08984375
0 0.6318359375 0.1953125 0.119140625 0.07421875
0 0.7626953125 0.1953125 0.126953125 0.09375
0 0.8974609375 0.1953125 0.150390625 0.09375
