0 0.0517578125 0.2880859375 0.099609375 0.068359375
0 0.1484375 0.2861328125 0.09375 0.064453125
0 0.24609375 0.287109375 0.09765625 0.06640625
0 0.3369140625 0.2890625 0.091796875 0.06640625
0 0.431640625 0.2900390625 0.08984375 0.064453125
0 0.5234375 0.2861328125 0.09765625 0.064453125
0 0.60546875 0.287109375 0.07421875 0.0625
0 0.685546875 0.2880859375 0.08203125 0.064453125
0 0.7744140625 0.2880859375 0.091796875 0.068359375
0 0.8642578125 0.287109375 0.099609375 0.06640625
0 0.9501953125 0.287109375 0.080078125 0.06640625
