0 0.0693359375 0.2041015625 0.103515625 0.044921875
0 0.1552734375 0.2080078125 0.068359375 0.068359375
0 0.39453125 0.2060546875 0.09765625 0.072265625
0 0.478515625 0.2158203125 0.06640625 0.048828125
0 0.5517578125 0.2099609375 0.080078125 0.072265625
0 0.7529296875 0.2099609375 0.103515625 0.060546875
0 0.0751953125 0.294921875 0.103515625 0.08203125
0 0.1884765625 0.294921875 0.111328125 0.07421875
0 0.2958984375 0.2939453125 0.103515625 0.064453125
0 0.3818359375 0.2958984375 0.064453125 0.064453125
0 0.451171875 0.294921875 0.07421875 0.0703125
0 0.5439453125 0.2958984375 0.099609375 0.072265625
0 0.6259765625 0.3037109375 0.068359375 0.044921875
0 0.703125 0.2978515625 0.0859375 0.064453125
