0 0.146484375 0.4140625 0.0546875 0.0546875
0 0.2060546875 0.4130859375 0.048828125 0.052734375
0 0.255859375 0.4111328125 0.046875 0.052734375
0 0.314453125 0.412109375 0.046875 0.05078125
0 0.3876953125 0.4130859375 0.083984375 0.056640625
0 0.1591796875 0.4775390625 0.076171875 0.060546875
0 0.2353515625 0.4765625 0.068359375 0.0546875
0 0.3115234375 0.478515625 0.072265625 0.04296875
0 0.3837890625 0.4765625 0.068359375 0.046875
0 0.4560546875 0.4775390625 0.080078125 0.052734375
0 0.533203125 0.4765625 0.07421875 0.04296875
0 0.6083984375 0.474609375 0.076171875 0.0546875
0 0.7529296875 0.4736328125 0.076171875 0.056640625
0 0.8271484375 0.4755859375 0.076171875 0.056640625
