0 0.107421875 0.1552734375 0.171875 0.103515625
0 0.28515625 0.154296875 0.15625 0.109375
0 0.4375 0.1552734375 0.13671875 0.107421875
0 0.583984375 0.1484375 0.140625 0.10546875
0 0.73828125 0.1630859375 0.125 0.076171875
0 0.1015625 0.2666015625 0.12890625 0.091796875
0 0.232421875 0.271484375 0.1328125 0.08984375
0 0.3662109375 0.2724609375 0.115234375 0.091796875
0 0.4912109375 0.2685546875 0.123046875 0.095703125
0 0.625 0.2685546875 0.125 0.091796875
0 0.7685546875 0.26953125 0.126953125 0.0859375
