0 0.62890625 0.056640625 0.078125 0.05859375
0 0.6298828125 0.109375 0.080078125 0.0546875
0 0.6298828125 0.1650390625 0.080078125 0.052734375
0 0.626953125 0.21875 0.0859375 0.0546875
0 0.6298828125 0.2724609375 0.087890625 0.052734375
0 0.544921875 0.0478515625 0.0546875 0.052734375
0 0.5341796875 0.09765625 0.060546875 0.046875
0 0.55078125 0.1865234375 0.0546875 0.044921875
0 0.5380859375 0.23046875 0.060546875 0.03515625
0 0.537109375 0.275390625 0.08203125 0.0546875
0 0.537109375 0.328125 0.08203125 0.05859375
