0 0.1181640625 0.212890625 0.134765625 0.1015625
0 0.2626953125 0.2119140625 0.150390625 0.095703125
0 0.4111328125 0.2138671875 0.138671875 0.095703125
0 0.5517578125 0.212890625 0.134765625 0.0859375
0 0.6953125 0.21484375 0.1328125 0.0859375
0 0.11328125 0.3173828125 0.1328125 0.087890625
0 0.236328125 0.3330078125 0.10546875 0.064453125
0 0.359375 0.32421875 0.12109375 0.08984375
0 0.4765625 0.3251953125 0.1171875 0.087890625
0 0.6171875 0.32421875 0.14453125 0.09375
0 0.7509765625 0.326171875 0.134765625 0.0859375
0 0.87890625 0.326171875 0.1171875 0.0859375
0 0.1591796875 0.4443359375 0.138671875 0.107421875
0 0.337890625 0.4423828125 0.13671875 0.072265625
0 0.4873046875 0.4423828125 0.123046875 0.080078125
0 0.626953125 0.4423828125 0.140625 0.091796875
0 0.775390625 0.4404296875 0.1484375 0.095703125
