0 0.5595703125 0.1865234375 0.095703125 0.056640625
0 0.556640625 0.2431640625 0.1015625 0.056640625
0 0.5576171875 0.2998046875 0.103515625 0.056640625
0 0.5576171875 0.3515625 0.103515625 0.0546875
0 0.5595703125 0.396484375 0.080078125 0.04296875
0 0.55859375 0.4375 0.10546875 0.04296875
0 0.5576171875 0.4931640625 0.087890625 0.056640625
0 0.556640625 0.5478515625 0.1015625 0.056640625
0 0.5556640625 0.6044921875 0.103515625 0.048828125
0 0.556640625 0.658203125 0.08984375 0.0546875
0 0.5556640625 0.7119140625 0.087890625 0.056640625
