0 0.08984375 0.0888671875 0.1640625 0.103515625
0 0.2783203125 0.0849609375 0.158203125 0.095703125
0 0.4619140625 0.0859375 0.162109375 0.11328125
0 0.6162109375 0.1064453125 0.091796875 0.056640625
0 0.71484375 0.107421875 0.08984375 0.0625
0 0.814453125 0.10546875 0.08984375 0.05859375
0 0.912109375 0.1083984375 0.08203125 0.056640625
0 0.103515625 0.2177734375 0.19140625 0.130859375
0 0.2919921875 0.2197265625 0.154296875 0.126953125
0 0.4560546875 0.2216796875 0.154296875 0.115234375
0 0.6630859375 0.2177734375 0.193359375 0.130859375
0 0.8857421875 0.2177734375 0.189453125 0.130859375
