0 0.1865234375 0.201171875 0.103515625 0.09765625
0 0.2822265625 0.201171875 0.095703125 0.09765625
0 0.380859375 0.2021484375 0.10546875 0.099609375
0 0.5224609375 0.2021484375 0.099609375 0.099609375
0 0.6201171875 0.2021484375 0.103515625 0.095703125
0 0.716796875 0.2041015625 0.09765625 0.099609375
0 0.814453125 0.2021484375 0.1015625 0.099609375
0 0.5029296875 0.2802734375 0.091796875 0.056640625
0 0.302734375 0.3642578125 0.09765625 0.091796875
0 0.40234375 0.365234375 0.1015625 0.09375
0 0.49609375 0.3642578125 0.08984375 0.099609375
0 0.5966796875 0.36328125 0.103515625 0.1015625
0 0.69921875 0.365234375 0.10546875 0.1015625
