0 0.109375 0.115234375 0.140625 0.1015625
0 0.2548828125 0.1171875 0.138671875 0.09765625
0 0.3955078125 0.119140625 0.130859375 0.1015625
0 0.5361328125 0.1171875 0.138671875 0.10546875
0 0.1044921875 0.21875 0.130859375 0.08984375
0 0.2119140625 0.2255859375 0.103515625 0.060546875
0 0.314453125 0.2236328125 0.09375 0.083984375
0 0.3974609375 0.240234375 0.091796875 0.046875
0 0.4833984375 0.2353515625 0.083984375 0.052734375
0 0.5869140625 0.224609375 0.119140625 0.0859375
0 0.6806640625 0.2373046875 0.068359375 0.048828125
0 0.7763671875 0.2236328125 0.123046875 0.087890625
0 0.9013671875 0.23046875 0.134765625 0.07421875
