0 0.873046875 0.068359375 0.11328125 0.078125
0 0.876953125 0.1591796875 0.1015625 0.072265625
0 0.8701171875 0.25 0.103515625 0.08203125
0 0.8779296875 0.3388671875 0.103515625 0.080078125
0 0.876953125 0.4296875 0.10546875 0.078125
0 0.875 0.5166015625 0.0859375 0.072265625
0 0.734375 0.06640625 0.10546875 0.08203125
0 0.736328125 0.15625 0.109375 0.08203125
0 0.736328125 0.2490234375 0.1015625 0.076171875
0 0.7333984375 0.3388671875 0.111328125 0.080078125
0 0.728515625 0.431640625 0.0859375 0.07421875
0 0.734375 0.517578125 0.09765625 0.07421875
