0 0.1279296875 0.125 0.119140625 0.08203125
0 0.2451171875 0.12109375 0.115234375 0.0859375
0 0.357421875 0.12109375 0.125 0.0859375
0 0.484375 0.1201171875 0.12109375 0.080078125
0 0.6015625 0.1201171875 0.11328125 0.080078125
0 0.7158203125 0.1220703125 0.115234375 0.072265625
0 0.1298828125 0.2197265625 0.115234375 0.076171875
0 0.2470703125 0.220703125 0.119140625 0.0859375
0 0.357421875 0.2216796875 0.08984375 0.076171875
0 0.4697265625 0.2197265625 0.115234375 0.083984375
0 0.5810546875 0.2216796875 0.119140625 0.083984375
