0 0.1376953125 0.3125 0.244140625 0.1875
0 0.3818359375 0.3134765625 0.248046875 0.181640625
0 0.630859375 0.310546875 0.23046875 0.1796875
0 0.8671875 0.3125 0.24609375 0.1875
0 0.0712890625 0.4677734375 0.083984375 0.060546875
0 0.171875 0.4580078125 0.12890625 0.087890625
0 0.2880859375 0.4599609375 0.115234375 0.087890625
0 0.3896484375 0.46484375 0.087890625 0.06640625
0 0.4755859375 0.462890625 0.087890625 0.07421875
0 0.560546875 0.4619140625 0.078125 0.072265625
0 0.646484375 0.4619140625 0.09765625 0.072265625
0 0.740234375 0.4609375 0.1015625 0.07421875
0 0.8349609375 0.462890625 0.091796875 0.07421875
0 0.9326171875 0.4619140625 0.103515625 0.080078125
