0 0.0751953125 0.3154296875 0.083984375 0.123046875
0 0.1533203125 0.3134765625 0.087890625 0.119140625
0 0.2451171875 0.2919921875 0.072265625 0.076171875
0 0.3115234375 0.29296875 0.064453125 0.07421875
0 0.376953125 0.2919921875 0.06640625 0.072265625
0 0.439453125 0.29296875 0.0625 0.0703125
0 0.5068359375 0.29296875 0.068359375 0.07421875
0 0.5732421875 0.291015625 0.068359375 0.07421875
0 0.6845703125 0.2978515625 0.060546875 0.056640625
0 0.7451171875 0.30078125 0.064453125 0.0546875
0 0.8046875 0.3017578125 0.05859375 0.056640625
0 0.86328125 0.298828125 0.0703125 0.05859375
0 0.92578125 0.29296875 0.05859375 0.07421875
