0 0.1201171875 0.0830078125 0.193359375 0.134765625
0 0.3095703125 0.083984375 0.189453125 0.12890625
0 0.4951171875 0.0830078125 0.185546875 0.134765625
0 0.689453125 0.0810546875 0.19140625 0.138671875
0 0.8720703125 0.08203125 0.173828125 0.10546875
0 0.1748046875 0.2607421875 0.310546875 0.216796875
0 0.4228515625 0.21484375 0.189453125 0.12890625
0 0.564453125 0.2177734375 0.09375 0.130859375
0 0.6767578125 0.21484375 0.123046875 0.125
0 0.4677734375 0.396484375 0.306640625 0.2109375
0 0.7021484375 0.3525390625 0.166015625 0.146484375
0 0.8671875 0.345703125 0.15234375 0.13671875
