0 0.25390625 0.08984375 0.10546875 0.09765625
0 0.3671875 0.0908203125 0.109375 0.099609375
0 0.4814453125 0.0908203125 0.107421875 0.099609375
0 0.595703125 0.0908203125 0.109375 0.099609375
0 0.7197265625 0.09765625 0.142578125 0.11328125
0 0.1572265625 0.208984375 0.130859375 0.10546875
0 0.2880859375 0.2099609375 0.142578125 0.103515625
0 0.4267578125 0.2080078125 0.138671875 0.111328125
0 0.5595703125 0.2099609375 0.130859375 0.107421875
0 0.689453125 0.2080078125 0.1328125 0.111328125
0 0.8232421875 0.2109375 0.138671875 0.10546875
