0 0.1484375 0.0703125 0.046875 0.06640625
0 0.2119140625 0.072265625 0.068359375 0.06640625
0 0.2802734375 0.068359375 0.064453125 0.06640625
0 0.3447265625 0.0693359375 0.068359375 0.072265625
0 0.4140625 0.0693359375 0.0703125 0.068359375
0 0.484375 0.068359375 0.07421875 0.0546875
0 0.5546875 0.0703125 0.0703125 0.06640625
0 0.6220703125 0.0693359375 0.068359375 0.064453125
0 0.6904296875 0.0693359375 0.072265625 0.068359375
0 0.7626953125 0.0693359375 0.068359375 0.068359375
0 0.15625 0.1572265625 0.0703125 0.068359375
0 0.224609375 0.1572265625 0.0703125 0.064453125
0 0.3359375 0.1552734375 0.06640625 0.068359375
0 0.4052734375 0.1552734375 0.076171875 0.064453125
0 0.4765625 0.15625 0.0703125 0.06640625
