0 0.140625 0.171875 0.078125 0.09765625
0 0.21484375 0.173828125 0.07421875 0.09765625
0 0.28515625 0.173828125 0.078125 0.1015625
0 0.3603515625 0.173828125 0.076171875 0.1015625
0 0.435546875 0.171875 0.078125 0.09765625
0 0.5068359375 0.1728515625 0.068359375 0.099609375
0 0.580078125 0.1728515625 0.078125 0.103515625
0 0.65625 0.1748046875 0.07421875 0.103515625
0 0.7314453125 0.1767578125 0.076171875 0.103515625
0 0.806640625 0.1708984375 0.07421875 0.095703125
0 0.8818359375 0.17578125 0.076171875 0.09765625
