0 0.6611328125 0.087890625 0.087890625 0.06640625
0 0.662109375 0.154296875 0.08984375 0.06640625
0 0.6650390625 0.2216796875 0.095703125 0.064453125
0 0.501953125 0.140625 0.1328125 0.08984375
0 0.5 0.23046875 0.125 0.08203125
0 0.5 0.3203125 0.125 0.0859375
0 0.501953125 0.412109375 0.125 0.0859375
0 0.5029296875 0.55078125 0.107421875 0.0859375
0 0.345703125 0.0830078125 0.09375 0.068359375
0 0.3408203125 0.1533203125 0.076171875 0.064453125
0 0.3359375 0.2216796875 0.09375 0.060546875
0 0.3447265625 0.2861328125 0.076171875 0.044921875
0 0.341796875 0.3544921875 0.09375 0.068359375
0 0.341796875 0.421875 0.09375 0.0625
0 0.337890625 0.4931640625 0.08984375 0.064453125
0 0.3427734375 0.5576171875 0.087890625 0.072265625
