0 0.169921875 0.072265625 0.12109375 0.07421875
0 0.1650390625 0.142578125 0.134765625 0.07421875
0 0.1630859375 0.21484375 0.130859375 0.0703125
0 0.162109375 0.2861328125 0.1328125 0.076171875
0 0.1630859375 0.349609375 0.103515625 0.0546875
0 0.1640625 0.4169921875 0.1015625 0.060546875
0 0.158203125 0.474609375 0.09765625 0.05859375
0 0.15625 0.537109375 0.078125 0.0546875
0 0.16015625 0.603515625 0.125 0.0703125
0 0.15625 0.67578125 0.125 0.06640625
0 0.158203125 0.7421875 0.140625 0.0703125
0 0.16015625 0.8125 0.125 0.0703125
0 0.15625 0.8828125 0.13671875 0.08203125
