0 0.087890625 0.1767578125 0.14453125 0.146484375
0 0.24609375 0.1767578125 0.15234375 0.146484375
0 0.404296875 0.1748046875 0.15234375 0.142578125
0 0.080078125 0.3212890625 0.15234375 0.138671875
0 0.2119140625 0.337890625 0.126953125 0.11328125
0 0.3388671875 0.322265625 0.123046875 0.140625
0 0.4755859375 0.3173828125 0.150390625 0.134765625
0 0.6142578125 0.318359375 0.119140625 0.14453125
0 0.755859375 0.3193359375 0.15625 0.150390625
0 0.9150390625 0.314453125 0.142578125 0.140625
0 0.087890625 0.4697265625 0.1484375 0.146484375
0 0.23828125 0.470703125 0.15625 0.140625
0 0.39453125 0.466796875 0.14453125 0.14453125
0 0.5478515625 0.4677734375 0.154296875 0.154296875
