0 0.0986328125 0.2373046875 0.150390625 0.099609375
0 0.2470703125 0.2353515625 0.138671875 0.099609375
0 0.3876953125 0.23046875 0.138671875 0.1015625
0 0.5390625 0.232421875 0.1484375 0.1015625
0 0.064453125 0.3251953125 0.0625 0.052734375
0 0.1337890625 0.32421875 0.068359375 0.0546875
0 0.1982421875 0.326171875 0.056640625 0.046875
0 0.2685546875 0.322265625 0.068359375 0.0546875
0 0.3447265625 0.322265625 0.072265625 0.05078125
0 0.4228515625 0.322265625 0.076171875 0.05078125
0 0.498046875 0.3193359375 0.078125 0.052734375
