0 0.2578125 0.0693359375 0.12109375 0.087890625
0 0.3857421875 0.0712890625 0.111328125 0.087890625
0 0.521484375 0.0703125 0.12109375 0.09375
0 0.6572265625 0.0712890625 0.126953125 0.091796875
0 0.775390625 0.0693359375 0.09765625 0.083984375
0 0.1787109375 0.1640625 0.123046875 0.09375
0 0.310546875 0.1650390625 0.1328125 0.095703125
0 0.4384765625 0.166015625 0.119140625 0.078125
0 0.5693359375 0.16796875 0.130859375 0.08984375
0 0.7001953125 0.1708984375 0.126953125 0.095703125
0 0.83984375 0.16796875 0.12890625 0.09375
