0 0.212890625 0.490234375 0.07421875 0.05859375
0 0.2802734375 0.4931640625 0.064453125 0.052734375
0 0.3505859375 0.4921875 0.064453125 0.05078125
0 0.423828125 0.4951171875 0.05859375 0.041015625
0 0.494140625 0.4970703125 0.05859375 0.044921875
0 0.5673828125 0.4912109375 0.072265625 0.052734375
0 0.63671875 0.49609375 0.0546875 0.04296875
0 0.705078125 0.490234375 0.06640625 0.0546875
0 0.7783203125 0.4921875 0.080078125 0.05078125
0 0.27734375 0.611328125 0.12109375 0.16015625
0 0.400390625 0.59765625 0.12109375 0.12890625
0 0.5380859375 0.5966796875 0.154296875 0.126953125
0 0.7021484375 0.5888671875 0.087890625 0.072265625
