0 0.083984375 0.1171875 0.05859375 0.078125
0 0.1337890625 0.1201171875 0.041015625 0.072265625
0 0.2060546875 0.1171875 0.095703125 0.07421875
0 0.314453125 0.1162109375 0.11328125 0.072265625
0 0.421875 0.1181640625 0.1015625 0.060546875
0 0.1015625 0.197265625 0.09765625 0.05859375
0 0.2880859375 0.1982421875 0.083984375 0.068359375
0 0.37890625 0.197265625 0.0859375 0.0703125
0 0.4443359375 0.203125 0.048828125 0.0546875
0 0.51171875 0.1962890625 0.07421875 0.064453125
0 0.595703125 0.197265625 0.08203125 0.0703125
0 0.6923828125 0.197265625 0.111328125 0.078125
0 0.80078125 0.2001953125 0.11328125 0.076171875
