0 0.8408203125 0.076171875 0.302734375 0.1484375
0 0.853515625 0.189453125 0.1640625 0.078125
0 0.8525390625 0.2607421875 0.134765625 0.064453125
0 0.8525390625 0.3642578125 0.275390625 0.138671875
0 0.84375 0.5576171875 0.296875 0.154296875
0 0.8525390625 0.671875 0.166015625 0.06640625
0 0.849609375 0.7421875 0.1328125 0.06640625
0 0.853515625 0.8466796875 0.27734375 0.134765625
0 0.8515625 0.9541015625 0.1640625 0.072265625
0 0.4296875 0.1279296875 0.16015625 0.205078125
0 0.5859375 0.1279296875 0.15625 0.205078125
0 0.5048828125 0.3828125 0.341796875 0.203125
0 0.58984375 0.5625 0.17578125 0.12109375
0 0.5849609375 0.6806640625 0.181640625 0.126953125
0 0.5810546875 0.7978515625 0.193359375 0.115234375
0 0.57421875 0.9140625 0.18359375 0.1171875
