0 0.1201171875 0.177734375 0.212890625 0.18359375
0 0.330078125 0.177734375 0.2109375 0.1796875
0 0.4658203125 0.1904296875 0.099609375 0.060546875
0 0.583984375 0.17578125 0.16796875 0.18359375
0 0.7724609375 0.17578125 0.205078125 0.1796875
0 0.927734375 0.177734375 0.1171875 0.1796875
0 0.10546875 0.3369140625 0.1953125 0.134765625
0 0.302734375 0.3349609375 0.19140625 0.130859375
0 0.5 0.33203125 0.20703125 0.13671875
0 0.6962890625 0.333984375 0.193359375 0.1328125
0 0.8974609375 0.3369140625 0.201171875 0.134765625
