0 0.880859375 0.064453125 0.12890625 0.0859375
0 0.8828125 0.1396484375 0.10546875 0.064453125
0 0.8837890625 0.216796875 0.119140625 0.0703125
0 0.8876953125 0.2890625 0.095703125 0.0703125
0 0.884765625 0.3603515625 0.109375 0.076171875
0 0.8837890625 0.435546875 0.107421875 0.0703125
0 0.8828125 0.509765625 0.10546875 0.0703125
0 0.880859375 0.58203125 0.11328125 0.07421875
0 0.884765625 0.6552734375 0.10546875 0.068359375
0 0.880859375 0.7294921875 0.11328125 0.076171875
0 0.876953125 0.798828125 0.10546875 0.07421875
0 0.884765625 0.875 0.10546875 0.06640625
