0 0.921875 0.076171875 0.109375 0.09765625
0 0.9287109375 0.1669921875 0.138671875 0.087890625
0 0.7646484375 0.0771484375 0.162109375 0.103515625
0 0.765625 0.1826171875 0.15234375 0.103515625
0 0.7607421875 0.28515625 0.154296875 0.10546875
0 0.7646484375 0.39453125 0.154296875 0.11328125
0 0.7666015625 0.50390625 0.146484375 0.10546875
0 0.7744140625 0.595703125 0.130859375 0.0859375
0 0.611328125 0.326171875 0.12890625 0.09375
0 0.623046875 0.3994140625 0.109375 0.052734375
0 0.61328125 0.47265625 0.13671875 0.08984375
0 0.6103515625 0.5595703125 0.130859375 0.076171875
0 0.6142578125 0.642578125 0.138671875 0.08984375
