0 0.10546875 0.0615234375 0.0625 0.072265625
0 0.259765625 0.0625 0.0546875 0.078125
0 0.103515625 0.169921875 0.10546875 0.07421875
0 0.2626953125 0.16796875 0.103515625 0.07421875
0 0.43359375 0.1669921875 0.08203125 0.068359375
0 0.5927734375 0.169921875 0.080078125 0.0703125
0 0.7548828125 0.173828125 0.103515625 0.046875
0 0.91796875 0.171875 0.07421875 0.07421875
0 0.103515625 0.2802734375 0.10546875 0.072265625
0 0.2646484375 0.283203125 0.103515625 0.07421875
0 0.4248046875 0.28125 0.103515625 0.078125
0 0.591796875 0.279296875 0.08984375 0.0703125
