0 0.6591796875 0.314453125 0.134765625 0.0859375
0 0.6611328125 0.4052734375 0.130859375 0.091796875
0 0.5107421875 0.099609375 0.134765625 0.09375
0 0.5126953125 0.1943359375 0.130859375 0.095703125
0 0.5107421875 0.28125 0.126953125 0.08203125
0 0.513671875 0.37109375 0.1328125 0.09375
0 0.5107421875 0.4609375 0.123046875 0.08984375
0 0.3671875 0.09765625 0.12109375 0.09375
0 0.3701171875 0.1875 0.130859375 0.08984375
0 0.37109375 0.279296875 0.1328125 0.09765625
0 0.373046875 0.37109375 0.13671875 0.08984375
0 0.37109375 0.4599609375 0.12890625 0.087890625
0 0.369140625 0.5517578125 0.13671875 0.087890625
0 0.2197265625 0.1025390625 0.130859375 0.091796875
0 0.2236328125 0.193359375 0.138671875 0.09375
0 0.2265625 0.283203125 0.12890625 0.08984375
0 0.2275390625 0.3701171875 0.142578125 0.083984375
0 0.2294921875 0.4580078125 0.138671875 0.087890625
