0 0.1337890625 0.037109375 0.025390625 0.0234375
0 0.158203125 0.037109375 0.02734375 0.01953125
0 0.18359375 0.037109375 0.0234375 0.01953125
0 0.2763671875 0.0810546875 0.154296875 0.111328125
0 0.4228515625 0.0810546875 0.146484375 0.111328125
0 0.5673828125 0.0810546875 0.142578125 0.115234375
0 0.705078125 0.083984375 0.14453125 0.1171875
0 0.833984375 0.0830078125 0.1171875 0.115234375
0 0.154296875 0.16796875 0.0703125 0.05078125
0 0.2548828125 0.16796875 0.056640625 0.05859375
0 0.3173828125 0.169921875 0.072265625 0.0546875
0 0.46484375 0.1689453125 0.0703125 0.052734375
