0 0.1015625 0.078125 0.14453125 0.12109375
0 0.25390625 0.0830078125 0.15234375 0.126953125
0 0.400390625 0.0810546875 0.14453125 0.115234375
0 0.5478515625 0.078125 0.146484375 0.12109375
0 0.7431640625 0.078125 0.154296875 0.125
0 0.8935546875 0.0830078125 0.150390625 0.119140625
0 0.107421875 0.201171875 0.14453125 0.12109375
0 0.392578125 0.2001953125 0.140625 0.111328125
0 0.66015625 0.197265625 0.109375 0.1171875
0 0.779296875 0.2021484375 0.125 0.111328125
0 0.9072265625 0.203125 0.130859375 0.1171875
