0 0.2607421875 0.140625 0.287109375 0.21875
0 0.658203125 0.1328125 0.27734375 0.203125
0 0.8330078125 0.15625 0.130859375 0.0859375
0 0.2939453125 0.29296875 0.099609375 0.09765625
0 0.3759765625 0.2939453125 0.064453125 0.099609375
0 0.4716796875 0.29296875 0.130859375 0.09765625
0 0.60546875 0.2919921875 0.140625 0.095703125
0 0.7275390625 0.2958984375 0.107421875 0.095703125
0 0.08203125 0.3876953125 0.13671875 0.099609375
0 0.2197265625 0.390625 0.134765625 0.09765625
0 0.3427734375 0.3974609375 0.107421875 0.076171875
0 0.4716796875 0.3916015625 0.138671875 0.095703125
0 0.6123046875 0.392578125 0.146484375 0.09375
0 0.751953125 0.3935546875 0.13671875 0.095703125
0 0.89453125 0.3935546875 0.140625 0.099609375
