0 0.0439453125 0.1044921875 0.056640625 0.083984375
0 0.1025390625 0.1044921875 0.064453125 0.087890625
0 0.1640625 0.10546875 0.0625 0.08984375
0 0.2255859375 0.1044921875 0.056640625 0.087890625
0 0.3017578125 0.1044921875 0.056640625 0.087890625
0 0.359375 0.1044921875 0.05859375 0.091796875
0 0.4736328125 0.1005859375 0.150390625 0.095703125
0 0.6142578125 0.1005859375 0.130859375 0.095703125
0 0.7451171875 0.1015625 0.130859375 0.08203125
0 0.875 0.099609375 0.13671875 0.09375
0 0.46875 0.20703125 0.11328125 0.09765625
0 0.5947265625 0.20703125 0.138671875 0.09375
0 0.73828125 0.205078125 0.140625 0.10546875
0 0.876953125 0.205078125 0.12890625 0.09765625
