0 0.8984375 0.0634765625 0.1640625 0.123046875
0 0.8984375 0.1875 0.15234375 0.1171875
0 0.8994140625 0.3095703125 0.166015625 0.115234375
0 0.8984375 0.4169921875 0.14453125 0.091796875
0 0.689453125 0.0458984375 0.17578125 0.076171875
0 0.6904296875 0.2314453125 0.146484375 0.107421875
0 0.716796875 0.314453125 0.11328125 0.0703125
0 0.701171875 0.41015625 0.08203125 0.1171875
0 0.48046875 0.0712890625 0.1171875 0.123046875
0 0.4736328125 0.193359375 0.177734375 0.11328125
0 0.4814453125 0.310546875 0.119140625 0.109375
