0 0.88671875 0.083984375 0.18359375 0.1328125
0 0.8798828125 0.2216796875 0.201171875 0.130859375
0 0.8955078125 0.3505859375 0.123046875 0.119140625
0 0.6572265625 0.0810546875 0.185546875 0.138671875
0 0.65625 0.21875 0.20703125 0.13671875
0 0.662109375 0.349609375 0.20703125 0.125
0 0.4326171875 0.080078125 0.208984375 0.140625
0 0.4296875 0.220703125 0.19921875 0.1328125
0 0.423828125 0.361328125 0.1796875 0.1328125
0 0.4287109375 0.4921875 0.150390625 0.12109375
0 0.423828125 0.615234375 0.1328125 0.109375
