0 0.0693359375 0.1875 0.134765625 0.18359375
0 0.2177734375 0.185546875 0.162109375 0.18359375
0 0.33203125 0.1806640625 0.07421875 0.162109375
0 0.41015625 0.1806640625 0.08203125 0.166015625
0 0.4892578125 0.181640625 0.080078125 0.16796875
0 0.6064453125 0.1904296875 0.154296875 0.185546875
0 0.7607421875 0.1904296875 0.154296875 0.185546875
0 0.919921875 0.1962890625 0.15625 0.166015625
0 0.099609375 0.380859375 0.1953125 0.1875
0 0.2998046875 0.369140625 0.150390625 0.1796875
0 0.4423828125 0.3681640625 0.146484375 0.173828125
0 0.6376953125 0.3837890625 0.244140625 0.185546875
0 0.8818359375 0.384765625 0.232421875 0.1875
