0 0.869140625 0.0625 0.15234375 0.08984375
0 0.8642578125 0.1650390625 0.162109375 0.095703125
0 0.875 0.25390625 0.1171875 0.06640625
0 0.6728515625 0.064453125 0.138671875 0.08984375
0 0.677734375 0.162109375 0.125 0.08984375
0 0.677734375 0.2568359375 0.13671875 0.083984375
0 0.6806640625 0.35546875 0.130859375 0.08203125
0 0.6884765625 0.443359375 0.169921875 0.08984375
0 0.6845703125 0.5361328125 0.123046875 0.083984375
0 0.4833984375 0.06640625 0.150390625 0.08203125
0 0.482421875 0.16015625 0.13671875 0.08203125
0 0.4990234375 0.2578125 0.162109375 0.08984375
0 0.4873046875 0.3583984375 0.126953125 0.083984375
0 0.4912109375 0.4501953125 0.083984375 0.068359375
0 0.4912109375 0.5244140625 0.087890625 0.072265625
