0 0.4453125 0.248046875 0.10546875 0.0859375
0 0.5478515625 0.25 0.091796875 0.078125
0 0.2060546875 0.333984375 0.087890625 0.07421875
0 0.2978515625 0.333984375 0.099609375 0.0703125
0 0.392578125 0.330078125 0.08984375 0.078125
0 0.4794921875 0.333984375 0.076171875 0.08203125
0 0.560546875 0.3330078125 0.09765625 0.068359375
0 0.6396484375 0.3408203125 0.080078125 0.064453125
0 0.712890625 0.3349609375 0.06640625 0.083984375
0 0.7939453125 0.330078125 0.095703125 0.07421875
0 0.349609375 0.421875 0.10546875 0.08984375
0 0.4501953125 0.419921875 0.099609375 0.0859375
0 0.5478515625 0.4189453125 0.107421875 0.091796875
0 0.6484375 0.4208984375 0.09765625 0.087890625
