0 0.197265625 0.193359375 0.125 0.09375
0 0.326171875 0.1904296875 0.12109375 0.099609375
0 0.4482421875 0.193359375 0.115234375 0.09765625
0 0.57421875 0.19140625 0.1171875 0.09375
0 0.197265625 0.3017578125 0.125 0.095703125
0 0.3271484375 0.3046875 0.126953125 0.09765625
0 0.447265625 0.302734375 0.1171875 0.09765625
0 0.5732421875 0.302734375 0.126953125 0.09375
0 0.6962890625 0.302734375 0.123046875 0.09375
0 0.203125 0.4140625 0.12890625 0.09765625
0 0.3251953125 0.416015625 0.119140625 0.1015625
0 0.4482421875 0.4140625 0.126953125 0.09765625
0 0.572265625 0.4150390625 0.12109375 0.103515625
