0 0.1552734375 0.37109375 0.107421875 0.0859375
0 0.2646484375 0.373046875 0.107421875 0.08203125
0 0.3466796875 0.3955078125 0.048828125 0.033203125
0 0.390625 0.3955078125 0.04296875 0.033203125
0 0.4345703125 0.396484375 0.041015625 0.03515625
0 0.478515625 0.3955078125 0.05078125 0.033203125
0 0.1328125 0.4404296875 0.0625 0.048828125
0 0.197265625 0.44140625 0.06640625 0.046875
0 0.291015625 0.4560546875 0.11328125 0.076171875
0 0.4033203125 0.4580078125 0.111328125 0.083984375
0 0.5107421875 0.4580078125 0.115234375 0.083984375
0 0.625 0.4580078125 0.1171875 0.087890625
