0 0.0791015625 0.142578125 0.134765625 0.14453125
0 0.2431640625 0.142578125 0.103515625 0.13671875
0 0.361328125 0.140625 0.12890625 0.1328125
0 0.4921875 0.142578125 0.125 0.125
0 0.623046875 0.1435546875 0.12890625 0.142578125
0 0.7607421875 0.14453125 0.138671875 0.1328125
0 0.9013671875 0.1484375 0.130859375 0.14453125
0 0.30078125 0.30078125 0.125 0.140625
0 0.4296875 0.3037109375 0.1171875 0.142578125
0 0.546875 0.3037109375 0.125 0.142578125
0 0.67578125 0.3017578125 0.13671875 0.134765625
