0 0.8955078125 0.1044921875 0.119140625 0.076171875
0 0.8935546875 0.17578125 0.115234375 0.0703125
0 0.8935546875 0.2685546875 0.115234375 0.052734375
0 0.8876953125 0.33203125 0.091796875 0.0703125
0 0.890625 0.4013671875 0.109375 0.068359375
0 0.892578125 0.533203125 0.1015625 0.0625
0 0.75390625 0.2470703125 0.109375 0.072265625
0 0.7548828125 0.3173828125 0.111328125 0.072265625
0 0.755859375 0.392578125 0.12109375 0.07421875
0 0.7529296875 0.4658203125 0.123046875 0.068359375
0 0.7578125 0.5341796875 0.1171875 0.072265625
