0 0.0751953125 0.08203125 0.087890625 0.11328125
0 0.1943359375 0.08203125 0.142578125 0.109375
0 0.3525390625 0.0810546875 0.162109375 0.119140625
0 0.6826171875 0.083984375 0.166015625 0.10546875
0 0.126953125 0.2314453125 0.1875 0.123046875
0 0.3115234375 0.232421875 0.169921875 0.1171875
0 0.4951171875 0.232421875 0.177734375 0.1171875
0 0.6806640625 0.2314453125 0.173828125 0.119140625
0 0.86328125 0.2294921875 0.18359375 0.103515625
0 0.125 0.384765625 0.18359375 0.12890625
0 0.2939453125 0.3837890625 0.142578125 0.119140625
0 0.4609375 0.384765625 0.171875 0.12890625
