0 0.1484375 0.37109375 0.1015625 0.078125
0 0.259765625 0.3701171875 0.11328125 0.080078125
0 0.33984375 0.39453125 0.04296875 0.03125
0 0.3837890625 0.3935546875 0.044921875 0.033203125
0 0.4267578125 0.3935546875 0.044921875 0.033203125
0 0.4716796875 0.3935546875 0.048828125 0.029296875
0 0.1259765625 0.4384765625 0.064453125 0.048828125
0 0.1884765625 0.4375 0.064453125 0.05078125
0 0.2890625 0.455078125 0.109375 0.078125
0 0.3984375 0.455078125 0.109375 0.078125
0 0.5087890625 0.45703125 0.111328125 0.0859375
0 0.62109375 0.4541015625 0.1171875 0.080078125
