0 0.3388671875 0.1748046875 0.080078125 0.095703125
0 0.4384765625 0.169921875 0.103515625 0.08984375
0 0.50390625 0.1865234375 0.0546875 0.041015625
0 0.5859375 0.17578125 0.09765625 0.09375
0 0.6982421875 0.173828125 0.107421875 0.09375
0 0.80859375 0.171875 0.1015625 0.08984375
0 0.9150390625 0.1748046875 0.107421875 0.091796875
0 0.1953125 0.275390625 0.09765625 0.0859375
0 0.30859375 0.2763671875 0.1171875 0.099609375
0 0.42578125 0.2802734375 0.12109375 0.095703125
0 0.548828125 0.2763671875 0.12109375 0.095703125
0 0.669921875 0.27734375 0.125 0.09375
0 0.7939453125 0.275390625 0.119140625 0.09765625
0 0.91015625 0.275390625 0.12109375 0.09765625
