0 0.3173828125 0.3095703125 0.052734375 0.037109375
0 0.3701171875 0.3115234375 0.048828125 0.037109375
0 0.43359375 0.3095703125 0.06640625 0.048828125
0 0.4892578125 0.3125 0.048828125 0.04296875
0 0.541015625 0.3154296875 0.046875 0.033203125
0 0.583984375 0.3095703125 0.046875 0.044921875
0 0.630859375 0.3115234375 0.0546875 0.037109375
0 0.677734375 0.310546875 0.05078125 0.05078125
0 0.46484375 0.3671875 0.06640625 0.0546875
0 0.5400390625 0.3662109375 0.064453125 0.056640625
0 0.5 0.453125 0.0546875 0.0859375
