0 0.1513671875 0.373046875 0.111328125 0.08203125
0 0.2646484375 0.3740234375 0.107421875 0.080078125
0 0.345703125 0.3984375 0.046875 0.03125
0 0.3896484375 0.3984375 0.041015625 0.03125
0 0.4345703125 0.3984375 0.048828125 0.03125
0 0.4833984375 0.3984375 0.044921875 0.03125
0 0.126953125 0.4404296875 0.06640625 0.048828125
0 0.1943359375 0.44140625 0.060546875 0.046875
0 0.2919921875 0.4599609375 0.111328125 0.080078125
0 0.40234375 0.4599609375 0.109375 0.080078125
0 0.515625 0.4619140625 0.1171875 0.083984375
0 0.6259765625 0.4599609375 0.111328125 0.080078125
