0 0.064453125 0.15625 0.0859375 0.11328125
0 0.125 0.1611328125 0.03515625 0.115234375
0 0.1904296875 0.1572265625 0.076171875 0.115234375
0 0.2685546875 0.1591796875 0.072265625 0.103515625
0 0.3466796875 0.1513671875 0.080078125 0.111328125
0 0.4287109375 0.15625 0.072265625 0.109375
0 0.5009765625 0.1533203125 0.076171875 0.103515625
0 0.5830078125 0.162109375 0.068359375 0.09765625
0 0.6689453125 0.1533203125 0.095703125 0.119140625
0 0.7607421875 0.1533203125 0.091796875 0.119140625
0 0.845703125 0.15234375 0.08203125 0.11328125
0 0.9189453125 0.1552734375 0.068359375 0.099609375
