0 0.28125 0.17578125 0.1171875 0.07421875
0 0.494140625 0.1484375 0.1015625 0.078125
0 0.6044921875 0.1552734375 0.091796875 0.080078125
0 0.7021484375 0.1708984375 0.103515625 0.083984375
0 0.2275390625 0.833984375 0.076171875 0.06640625
0 0.3154296875 0.8369140625 0.072265625 0.064453125
0 0.3974609375 0.837890625 0.087890625 0.04296875
0 0.4814453125 0.837890625 0.083984375 0.0625
0 0.5732421875 0.8369140625 0.080078125 0.060546875
0 0.6572265625 0.837890625 0.083984375 0.05859375
0 0.744140625 0.8388671875 0.078125 0.060546875
