0 0.3447265625 0.3623046875 0.056640625 0.048828125
0 0.40625 0.3623046875 0.0625 0.041015625
0 0.53515625 0.3623046875 0.0703125 0.052734375
0 0.5888671875 0.369140625 0.041015625 0.04296875
0 0.6455078125 0.3623046875 0.060546875 0.044921875
0 0.7138671875 0.3623046875 0.064453125 0.048828125
0 0.7822265625 0.3642578125 0.072265625 0.052734375
0 0.853515625 0.3642578125 0.07421875 0.056640625
0 0.3447265625 0.44921875 0.064453125 0.046875
0 0.4140625 0.453125 0.05859375 0.05078125
0 0.4794921875 0.451171875 0.060546875 0.05078125
0 0.5322265625 0.451171875 0.048828125 0.05078125
0 0.5986328125 0.4501953125 0.060546875 0.052734375
0 0.6640625 0.4482421875 0.07421875 0.044921875
0 0.73046875 0.451171875 0.05078125 0.05078125
0 0.7958984375 0.44921875 0.060546875 0.0390625
0 0.861328125 0.4501953125 0.0625 0.044921875
0 0.9326171875 0.44921875 0.080078125 0.0546875
