0 0.2353515625 0.1787109375 0.091796875 0.064453125
0 0.306640625 0.1806640625 0.05859375 0.060546875
0 0.376953125 0.1806640625 0.08984375 0.064453125
0 0.4638671875 0.1806640625 0.083984375 0.060546875
0 0.552734375 0.1806640625 0.07421875 0.060546875
0 0.634765625 0.1826171875 0.078125 0.060546875
0 0.7138671875 0.181640625 0.083984375 0.05859375
0 0.7978515625 0.1826171875 0.076171875 0.044921875
0 0.3642578125 0.2548828125 0.087890625 0.064453125
0 0.4521484375 0.2529296875 0.076171875 0.064453125
0 0.54296875 0.2529296875 0.0859375 0.064453125
0 0.630859375 0.255859375 0.08203125 0.0625
