0 0.056640625 0.099609375 0.07421875 0.0859375
0 0.126953125 0.1103515625 0.0625 0.056640625
0 0.171875 0.09375 0.0234375 0.0859375
0 0.2177734375 0.109375 0.064453125 0.05859375
0 0.2802734375 0.107421875 0.060546875 0.05859375
0 0.3291015625 0.1015625 0.041015625 0.07421875
0 0.380859375 0.10546875 0.0625 0.05859375
0 0.44921875 0.09375 0.07421875 0.08203125
0 0.5634765625 0.0947265625 0.099609375 0.083984375
0 0.6416015625 0.1064453125 0.060546875 0.056640625
0 0.701171875 0.1064453125 0.0625 0.060546875
0 0.75390625 0.09375 0.0390625 0.078125
0 0.798828125 0.1044921875 0.0546875 0.056640625
0 0.876953125 0.1044921875 0.09375 0.052734375
0 0.947265625 0.1044921875 0.05078125 0.056640625
0 0.0419921875 0.1611328125 0.044921875 0.033203125
0 0.087890625 0.162109375 0.04296875 0.03515625
0 0.1318359375 0.1611328125 0.041015625 0.037109375
0 0.1728515625 0.1611328125 0.044921875 0.037109375
0 0.2197265625 0.162109375 0.041015625 0.02734375
0 0.2587890625 0.162109375 0.037109375 0.03515625
0 0.296875 0.1591796875 0.04296875 0.033203125
0 0.341796875 0.1591796875 0.05078125 0.037109375
0 0.3818359375 0.162109375 0.037109375 0.02734375
