0 0.8896484375 0.0703125 0.154296875 0.09375
0 0.8896484375 0.16796875 0.154296875 0.1015625
0 0.890625 0.2509765625 0.0859375 0.064453125
0 0.8876953125 0.333984375 0.162109375 0.09765625
0 0.8779296875 0.4169921875 0.076171875 0.076171875
0 0.8828125 0.478515625 0.109375 0.05078125
0 0.8857421875 0.5341796875 0.068359375 0.064453125
0 0.736328125 0.0712890625 0.14453125 0.107421875
0 0.7294921875 0.15234375 0.087890625 0.05859375
0 0.7265625 0.2275390625 0.15234375 0.087890625
0 0.7294921875 0.3046875 0.123046875 0.0703125
0 0.724609375 0.375 0.07421875 0.0703125
0 0.7265625 0.46484375 0.1484375 0.10546875
