0 0.1083984375 0.181640625 0.166015625 0.1484375
0 0.2783203125 0.1826171875 0.154296875 0.146484375
0 0.42578125 0.1806640625 0.13671875 0.154296875
0 0.5712890625 0.1787109375 0.166015625 0.154296875
0 0.7314453125 0.193359375 0.142578125 0.12109375
0 0.892578125 0.1806640625 0.171875 0.158203125
0 0.1103515625 0.3515625 0.177734375 0.1640625
0 0.306640625 0.349609375 0.203125 0.1640625
0 0.5048828125 0.349609375 0.197265625 0.16796875
0 0.697265625 0.349609375 0.203125 0.16796875
0 0.8974609375 0.3515625 0.193359375 0.16796875
