0 0.1220703125 0.23828125 0.111328125 0.078125
0 0.23828125 0.2392578125 0.10546875 0.080078125
0 0.3564453125 0.2412109375 0.123046875 0.083984375
0 0.47265625 0.2392578125 0.1171875 0.080078125
0 0.5849609375 0.240234375 0.107421875 0.078125
0 0.7001953125 0.2392578125 0.123046875 0.080078125
0 0.8046875 0.24609375 0.08203125 0.05078125
0 0.123046875 0.3193359375 0.109375 0.076171875
0 0.240234375 0.322265625 0.1171875 0.078125
0 0.35546875 0.3212890625 0.1171875 0.080078125
0 0.458984375 0.3291015625 0.078125 0.056640625
0 0.5634765625 0.3212890625 0.123046875 0.080078125
0 0.6787109375 0.32421875 0.111328125 0.08203125
0 0.794921875 0.322265625 0.1171875 0.08203125
0 0.89453125 0.330078125 0.07421875 0.0625
0 0.1240234375 0.40234375 0.115234375 0.0859375
0 0.240234375 0.404296875 0.11328125 0.078125
0 0.35546875 0.404296875 0.12109375 0.078125
