0 0.419921875 0.0849609375 0.1796875 0.134765625
0 0.5771484375 0.083984375 0.150390625 0.1328125
0 0.732421875 0.080078125 0.14453125 0.12890625
0 0.90234375 0.080078125 0.19140625 0.140625
0 0.4111328125 0.2158203125 0.154296875 0.103515625
0 0.580078125 0.2275390625 0.1640625 0.111328125
0 0.7373046875 0.2255859375 0.154296875 0.119140625
0 0.90234375 0.224609375 0.171875 0.12109375
0 0.228515625 0.314453125 0.08203125 0.0625
0 0.3115234375 0.3154296875 0.087890625 0.064453125
0 0.390625 0.31640625 0.07421875 0.0546875
0 0.466796875 0.31640625 0.08203125 0.05859375
0 0.5478515625 0.3134765625 0.083984375 0.060546875
0 0.6328125 0.3154296875 0.0859375 0.060546875
0 0.7119140625 0.3134765625 0.083984375 0.060546875
0 0.7939453125 0.31640625 0.072265625 0.0546875
0 0.87109375 0.314453125 0.078125 0.05859375
0 0.951171875 0.314453125 0.0859375 0.05859375
0 0.619140625 0.1455078125 0.0390625 0.037109375
0 0.6611328125 0.146484375 0.033203125 0.03515625
