0 0.150390625 0.146484375 0.1484375 0.12109375
0 0.310546875 0.14453125 0.171875 0.125
0 0.484375 0.14453125 0.1796875 0.125
0 0.6630859375 0.1455078125 0.177734375 0.119140625
0 0.1953125 0.30859375 0.11328125 0.15234375
0 0.3349609375 0.3046875 0.072265625 0.05078125
0 0.17578125 0.4677734375 0.1875 0.134765625
0 0.365234375 0.46875 0.1953125 0.1328125
0 0.552734375 0.470703125 0.19140625 0.140625
0 0.744140625 0.4736328125 0.19140625 0.138671875
0 0.1318359375 0.6103515625 0.111328125 0.072265625
0 0.31640625 0.6103515625 0.10546875 0.080078125
0 0.5087890625 0.609375 0.107421875 0.078125
