0 0.3212890625 0.26953125 0.224609375 0.16015625
0 0.607421875 0.2724609375 0.22265625 0.158203125
0 0.87890625 0.2685546875 0.16015625 0.130859375
0 0.32421875 0.384765625 0.0703125 0.05859375
0 0.4716796875 0.38671875 0.072265625 0.0625
0 0.544921875 0.38671875 0.0703125 0.0625
0 0.6162109375 0.38671875 0.076171875 0.06640625
0 0.6904296875 0.388671875 0.068359375 0.05859375
0 0.7626953125 0.38671875 0.076171875 0.0625
0 0.8359375 0.3876953125 0.07421875 0.064453125
0 0.908203125 0.3896484375 0.07421875 0.060546875
