0 0.095703125 0.1728515625 0.05078125 0.068359375
0 0.1513671875 0.1728515625 0.056640625 0.064453125
0 0.20703125 0.1748046875 0.05078125 0.060546875
0 0.32421875 0.1708984375 0.05859375 0.083984375
0 0.380859375 0.1728515625 0.0546875 0.080078125
0 0.435546875 0.173828125 0.05859375 0.078125
0 0.49609375 0.1728515625 0.05859375 0.080078125
0 0.58203125 0.1708984375 0.0390625 0.068359375
0 0.6240234375 0.171875 0.044921875 0.0703125
0 0.669921875 0.1708984375 0.0390625 0.072265625
0 0.751953125 0.1728515625 0.0546875 0.076171875
0 0.810546875 0.1728515625 0.05859375 0.080078125
0 0.8662109375 0.173828125 0.056640625 0.078125
0 0.37109375 0.23828125 0.0625 0.03515625
0 0.431640625 0.23828125 0.0546875 0.0390625
0 0.484375 0.23828125 0.046875 0.03515625
0 0.53515625 0.2373046875 0.0625 0.037109375
0 0.5966796875 0.2373046875 0.060546875 0.033203125
