0 0.0908203125 0.328125 0.173828125 0.09765625
0 0.259765625 0.3271484375 0.16796875 0.095703125
0 0.4267578125 0.3291015625 0.158203125 0.095703125
0 0.572265625 0.328125 0.125 0.0859375
0 0.69140625 0.3291015625 0.109375 0.095703125
0 0.798828125 0.326171875 0.109375 0.09375
0 0.9169921875 0.32421875 0.130859375 0.0859375
0 0.08984375 0.4326171875 0.17578125 0.095703125
0 0.263671875 0.4326171875 0.16796875 0.095703125
0 0.4111328125 0.4326171875 0.130859375 0.095703125
0 0.560546875 0.4326171875 0.15625 0.095703125
0 0.7109375 0.4326171875 0.14453125 0.095703125
