0 0.341796875 0.04296875 0.08203125 0.06640625
0 0.3427734375 0.107421875 0.083984375 0.0625
0 0.34375 0.16796875 0.0703125 0.0625
0 0.3408203125 0.2314453125 0.076171875 0.056640625
0 0.3427734375 0.2890625 0.080078125 0.0625
0 0.33984375 0.3427734375 0.05859375 0.044921875
0 0.33203125 0.390625 0.046875 0.046875
0 0.3486328125 0.435546875 0.068359375 0.046875
0 0.3369140625 0.482421875 0.052734375 0.04296875
0 0.3408203125 0.5302734375 0.044921875 0.048828125
0 0.2138671875 0.072265625 0.150390625 0.12109375
0 0.2109375 0.193359375 0.13671875 0.109375
0 0.07421875 0.0517578125 0.109375 0.080078125
0 0.07421875 0.1318359375 0.1015625 0.080078125
0 0.0771484375 0.2138671875 0.103515625 0.080078125
0 0.07421875 0.30078125 0.1015625 0.08984375
0 0.0732421875 0.4150390625 0.111328125 0.080078125
0 0.0673828125 0.498046875 0.103515625 0.078125
0 0.0693359375 0.58203125 0.107421875 0.08203125
0 0.068359375 0.669921875 0.11328125 0.0859375
