0 0.05859375 0.1474609375 0.11328125 0.138671875
0 0.177734375 0.1484375 0.12890625 0.1328125
0 0.302734375 0.1474609375 0.125 0.138671875
0 0.4296875 0.146484375 0.1328125 0.13671875
0 0.5498046875 0.1474609375 0.119140625 0.134765625
0 0.67578125 0.150390625 0.11328125 0.1171875
0 0.8037109375 0.1455078125 0.126953125 0.138671875
0 0.927734375 0.14453125 0.125 0.140625
0 0.09765625 0.2880859375 0.08984375 0.064453125
0 0.1904296875 0.2900390625 0.091796875 0.064453125
0 0.275390625 0.2890625 0.0703125 0.06640625
0 0.3623046875 0.287109375 0.091796875 0.06640625
0 0.451171875 0.28515625 0.08984375 0.06640625
0 0.53515625 0.2861328125 0.078125 0.060546875
0 0.6220703125 0.283203125 0.091796875 0.0625
0 0.7109375 0.2861328125 0.078125 0.056640625
0 0.7998046875 0.28515625 0.083984375 0.06640625
0 0.8896484375 0.2880859375 0.091796875 0.064453125
