0 0.2783203125 0.076171875 0.119140625 0.0703125
0 0.4033203125 0.076171875 0.115234375 0.0859375
0 0.515625 0.0830078125 0.09375 0.060546875
0 0.626953125 0.0771484375 0.12109375 0.076171875
0 0.740234375 0.0791015625 0.07421875 0.068359375
0 0.2490234375 0.1728515625 0.103515625 0.083984375
0 0.3701171875 0.1728515625 0.115234375 0.068359375
0 0.484375 0.1728515625 0.08984375 0.080078125
0 0.583984375 0.1748046875 0.06640625 0.072265625
0 0.6865234375 0.171875 0.099609375 0.0703125
0 0.7919921875 0.173828125 0.083984375 0.07421875
0 0.8916015625 0.173828125 0.095703125 0.05859375
0 0.271484375 0.283203125 0.1328125 0.109375
0 0.3984375 0.28515625 0.12109375 0.1171875
0 0.51953125 0.2744140625 0.0859375 0.060546875
0 0.6318359375 0.2705078125 0.107421875 0.080078125
0 0.7529296875 0.2685546875 0.111328125 0.080078125
