0 0.8935546875 0.0751953125 0.111328125 0.091796875
0 0.9033203125 0.173828125 0.154296875 0.09375
0 0.900390625 0.2763671875 0.1328125 0.095703125
0 0.8994140625 0.359375 0.134765625 0.078125
0 0.9072265625 0.4423828125 0.134765625 0.080078125
0 0.91015625 0.5302734375 0.12890625 0.083984375
0 0.2001953125 0.083984375 0.146484375 0.09375
0 0.1982421875 0.1796875 0.142578125 0.09765625
0 0.197265625 0.2734375 0.140625 0.08984375
0 0.201171875 0.36328125 0.109375 0.078125
0 0.203125 0.447265625 0.12890625 0.078125
