0 0.1044921875 0.1845703125 0.119140625 0.134765625
0 0.2451171875 0.20703125 0.142578125 0.078125
0 0.560546875 0.1826171875 0.17578125 0.130859375
0 0.716796875 0.18359375 0.140625 0.1328125
0 0.8935546875 0.1826171875 0.181640625 0.123046875
0 0.103515625 0.32421875 0.1328125 0.14453125
0 0.232421875 0.3251953125 0.1171875 0.142578125
0 0.3447265625 0.3203125 0.111328125 0.13671875
0 0.4453125 0.32421875 0.078125 0.1328125
0 0.548828125 0.322265625 0.09375 0.13671875
0 0.623046875 0.3212890625 0.05078125 0.126953125
0 0.689453125 0.3212890625 0.0859375 0.123046875
0 0.7744140625 0.3212890625 0.083984375 0.130859375
0 0.8818359375 0.3193359375 0.130859375 0.142578125
