0 0.0498046875 0.0419921875 0.095703125 0.072265625
0 0.1474609375 0.0390625 0.103515625 0.07421875
0 0.248046875 0.0380859375 0.109375 0.072265625
0 0.3515625 0.0390625 0.1015625 0.0703125
0 0.4501953125 0.0400390625 0.095703125 0.068359375
0 0.546875 0.0380859375 0.1015625 0.068359375
0 0.6494140625 0.0380859375 0.103515625 0.072265625
0 0.7568359375 0.03515625 0.103515625 0.06640625
0 0.85546875 0.037109375 0.09765625 0.0703125
0 0.9521484375 0.0400390625 0.091796875 0.076171875
0 0.2470703125 0.140625 0.126953125 0.13671875
0 0.4150390625 0.13671875 0.126953125 0.1328125
0 0.59765625 0.13671875 0.140625 0.1328125
0 0.7646484375 0.1376953125 0.142578125 0.134765625
0 0.4599609375 0.2333984375 0.091796875 0.060546875
0 0.55078125 0.236328125 0.09375 0.06640625
0 0.2158203125 0.365234375 0.087890625 0.0703125
0 0.302734375 0.3642578125 0.078125 0.068359375
0 0.3720703125 0.361328125 0.076171875 0.0625
0 0.4541015625 0.365234375 0.087890625 0.0625
0 0.537109375 0.36328125 0.08203125 0.0625
0 0.625 0.3642578125 0.0859375 0.056640625
0 0.708984375 0.36328125 0.078125 0.05859375
0 0.7919921875 0.3623046875 0.076171875 0.056640625
0 0.30078125 0.43359375 0.0859375 0.0625
0 0.3876953125 0.43359375 0.083984375 0.0625
0 0.4677734375 0.435546875 0.068359375 0.0546875
0 0.5361328125 0.4384765625 0.068359375 0.064453125
0 0.60546875 0.435546875 0.05859375 0.05859375
0 0.6728515625 0.435546875 0.083984375 0.05859375
