0 0.0615234375 0.10546875 0.107421875 0.08203125
0 0.138671875 0.0966796875 0.0546875 0.076171875
0 0.2109375 0.080078125 0.08203125 0.07421875
0 0.279296875 0.0703125 0.0546875 0.0390625
0 0.365234375 0.064453125 0.09765625 0.06640625
0 0.44140625 0.0625 0.05859375 0.07421875
0 0.517578125 0.0654296875 0.078125 0.080078125
0 0.6005859375 0.0625 0.072265625 0.078125
0 0.6826171875 0.0703125 0.064453125 0.0703125
0 0.7626953125 0.08984375 0.076171875 0.0703125
0 0.8330078125 0.1015625 0.056640625 0.07421875
0 0.9052734375 0.1171875 0.072265625 0.0703125
