0 0.861328125 0.154296875 0.1796875 0.125
0 0.8583984375 0.2763671875 0.169921875 0.123046875
0 0.8876953125 0.369140625 0.099609375 0.0625
0 0.8642578125 0.4658203125 0.173828125 0.134765625
0 0.8671875 0.58984375 0.09765625 0.12109375
0 0.662109375 0.154296875 0.16796875 0.12109375
0 0.6708984375 0.275390625 0.162109375 0.125
0 0.6865234375 0.3671875 0.083984375 0.06640625
0 0.6845703125 0.435546875 0.076171875 0.07421875
0 0.673828125 0.537109375 0.1796875 0.125
0 0.6689453125 0.6611328125 0.166015625 0.126953125
0 0.71875 0.7626953125 0.078125 0.076171875
0 0.6630859375 0.8330078125 0.099609375 0.068359375
