0 0.0703125 0.2373046875 0.0859375 0.099609375
0 0.1552734375 0.2353515625 0.083984375 0.099609375
0 0.2421875 0.234375 0.08203125 0.09375
0 0.3271484375 0.2333984375 0.083984375 0.087890625
0 0.400390625 0.2333984375 0.06640625 0.087890625
0 0.47265625 0.2353515625 0.07421875 0.091796875
0 0.6162109375 0.232421875 0.068359375 0.08984375
0 0.69140625 0.2333984375 0.0859375 0.095703125
0 0.7763671875 0.232421875 0.083984375 0.1015625
0 0.8681640625 0.23046875 0.087890625 0.09765625
0 0.0654296875 0.3251953125 0.068359375 0.052734375
0 0.13671875 0.3251953125 0.0703125 0.052734375
0 0.19921875 0.3310546875 0.05859375 0.044921875
0 0.26953125 0.3251953125 0.06640625 0.052734375
0 0.345703125 0.32421875 0.0703125 0.05078125
0 0.423828125 0.32421875 0.07421875 0.0546875
0 0.5 0.32421875 0.07421875 0.0546875
