0 0.91796875 0.0625 0.07421875 0.05859375
0 0.9228515625 0.1298828125 0.107421875 0.072265625
0 0.931640625 0.2060546875 0.11328125 0.072265625
0 0.931640625 0.279296875 0.11328125 0.07421875
0 0.810546875 0.044921875 0.09375 0.0703125
0 0.8115234375 0.1220703125 0.099609375 0.076171875
0 0.810546875 0.1962890625 0.10546875 0.080078125
0 0.8154296875 0.2763671875 0.091796875 0.072265625
0 0.8134765625 0.3505859375 0.099609375 0.072265625
0 0.8212890625 0.4296875 0.103515625 0.07421875
0 0.814453125 0.509765625 0.11328125 0.07421875
