0 0.0703125 0.1357421875 0.05078125 0.076171875
0 0.1142578125 0.13671875 0.033203125 0.07421875
0 0.1806640625 0.13671875 0.083984375 0.078125
0 0.2734375 0.138671875 0.1015625 0.08203125
0 0.37109375 0.1337890625 0.08984375 0.072265625
0 0.0849609375 0.26953125 0.087890625 0.08984375
0 0.1796875 0.267578125 0.08203125 0.0859375
0 0.2724609375 0.265625 0.091796875 0.0859375
0 0.36328125 0.2666015625 0.09375 0.083984375
0 0.4580078125 0.267578125 0.087890625 0.0703125
0 0.5556640625 0.2685546875 0.095703125 0.080078125
0 0.6484375 0.2724609375 0.08984375 0.087890625
0 0.7392578125 0.267578125 0.095703125 0.078125
0 0.8349609375 0.26953125 0.091796875 0.08203125
0 0.9267578125 0.2724609375 0.095703125 0.087890625
