0 0.6845703125 0.0732421875 0.107421875 0.095703125
0 0.6865234375 0.169921875 0.103515625 0.09375
0 0.689453125 0.263671875 0.11328125 0.09375
0 0.681640625 0.359375 0.09765625 0.09375
0 0.6865234375 0.4541015625 0.130859375 0.091796875
0 0.6845703125 0.548828125 0.115234375 0.09375
0 0.482421875 0.0830078125 0.1640625 0.111328125
0 0.484375 0.16796875 0.06640625 0.05859375
0 0.486328125 0.2275390625 0.08203125 0.052734375
0 0.4853515625 0.3134765625 0.169921875 0.119140625
0 0.4853515625 0.427734375 0.169921875 0.11328125
0 0.4951171875 0.5078125 0.076171875 0.05078125
0 0.4873046875 0.564453125 0.080078125 0.046875
0 0.2900390625 0.1904296875 0.142578125 0.103515625
0 0.2861328125 0.294921875 0.150390625 0.09375
0 0.29296875 0.3994140625 0.16015625 0.119140625
0 0.29296875 0.5078125 0.14453125 0.09375
0 0.296875 0.603515625 0.12890625 0.09765625
0 0.3037109375 0.697265625 0.138671875 0.09375
