0 0.115234375 0.0625 0.12109375 0.09765625
0 0.2421875 0.0634765625 0.125 0.091796875
0 0.37109375 0.0615234375 0.13671875 0.095703125
0 0.5419921875 0.080078125 0.076171875 0.05859375
0 0.619140625 0.080078125 0.0703125 0.05859375
0 0.693359375 0.080078125 0.06640625 0.0546875
0 0.7685546875 0.0810546875 0.083984375 0.060546875
0 0.845703125 0.08203125 0.07421875 0.0546875
0 0.9208984375 0.0830078125 0.076171875 0.056640625
0 0.1123046875 0.1513671875 0.126953125 0.083984375
0 0.23828125 0.15234375 0.11328125 0.0859375
0 0.3505859375 0.15625 0.115234375 0.078125
0 0.4638671875 0.1552734375 0.111328125 0.083984375
0 0.587890625 0.1533203125 0.13671875 0.087890625
0 0.71484375 0.154296875 0.10546875 0.08984375
0 0.818359375 0.166015625 0.09375 0.0625
