0 0.2099609375 0.046875 0.099609375 0.06640625
0 0.2998046875 0.068359375 0.064453125 0.03515625
0 0.3857421875 0.0556640625 0.095703125 0.052734375
0 0.4921875 0.0556640625 0.1015625 0.072265625
0 0.689453125 0.056640625 0.09375 0.06640625
0 0.771484375 0.0732421875 0.0546875 0.037109375
0 0.8642578125 0.05859375 0.095703125 0.0625
0 0.1943359375 0.140625 0.068359375 0.05078125
0 0.2705078125 0.138671875 0.076171875 0.046875
0 0.3388671875 0.1396484375 0.068359375 0.044921875
0 0.4169921875 0.1416015625 0.056640625 0.048828125
0 0.4931640625 0.142578125 0.064453125 0.05078125
0 0.5654296875 0.1416015625 0.060546875 0.044921875
0 0.6376953125 0.1435546875 0.060546875 0.048828125
0 0.716796875 0.1416015625 0.05859375 0.044921875
0 0.7861328125 0.1435546875 0.068359375 0.048828125
0 0.8583984375 0.14453125 0.068359375 0.03125
