0 0.912109375 0.130859375 0.11328125 0.078125
0 0.91796875 0.2138671875 0.1171875 0.091796875
0 0.9111328125 0.3076171875 0.130859375 0.087890625
0 0.908203125 0.390625 0.10546875 0.08203125
0 0.9140625 0.48046875 0.125 0.08984375
0 0.9111328125 0.5615234375 0.115234375 0.076171875
0 0.9111328125 0.6376953125 0.146484375 0.076171875
0 0.7783203125 0.3359375 0.134765625 0.09765625
0 0.77734375 0.4287109375 0.11328125 0.083984375
0 0.77734375 0.515625 0.12890625 0.08203125
0 0.7783203125 0.6064453125 0.123046875 0.091796875
0 0.779296875 0.7001953125 0.125 0.095703125
