0 0.87109375 0.109375 0.0859375 0.0390625
0 0.87890625 0.1494140625 0.05859375 0.037109375
0 0.8701171875 0.1962890625 0.080078125 0.056640625
0 0.875 0.2509765625 0.0703125 0.048828125
0 0.875 0.3056640625 0.08984375 0.060546875
0 0.8720703125 0.3681640625 0.076171875 0.060546875
0 0.8720703125 0.4306640625 0.076171875 0.060546875
0 0.8681640625 0.48828125 0.068359375 0.0546875
0 0.8662109375 0.54296875 0.060546875 0.0546875
0 0.8720703125 0.5908203125 0.072265625 0.041015625
0 0.875 0.638671875 0.0703125 0.05859375
