0 0.0966796875 0.1904296875 0.123046875 0.099609375
0 0.240234375 0.189453125 0.1484375 0.09765625
0 0.39453125 0.189453125 0.14453125 0.1015625
0 0.548828125 0.189453125 0.15625 0.09765625
0 0.7060546875 0.1875 0.154296875 0.1015625
0 0.1005859375 0.2978515625 0.150390625 0.095703125
0 0.255859375 0.2998046875 0.15234375 0.091796875
0 0.41015625 0.296875 0.14453125 0.1015625
0 0.5625 0.294921875 0.1484375 0.09765625
0 0.71875 0.2958984375 0.1484375 0.107421875
0 0.8759765625 0.294921875 0.150390625 0.10546875
0 0.080078125 0.3955078125 0.109375 0.080078125
0 0.19140625 0.39453125 0.109375 0.07421875
0 0.302734375 0.3955078125 0.10546875 0.076171875
0 0.412109375 0.3955078125 0.10546875 0.076171875
0 0.5185546875 0.3974609375 0.107421875 0.076171875
0 0.62890625 0.39453125 0.109375 0.078125
0 0.740234375 0.392578125 0.1015625 0.07421875
