0 0.07421875 0.6650390625 0.140625 0.123046875
0 0.212890625 0.6650390625 0.109375 0.126953125
0 0.48828125 0.666015625 0.1328125 0.1328125
0 0.6416015625 0.6650390625 0.130859375 0.123046875
0 0.7744140625 0.66796875 0.115234375 0.12890625
0 0.9130859375 0.6669921875 0.130859375 0.126953125
0 0.4931640625 0.759765625 0.091796875 0.0390625
0 0.2275390625 0.8154296875 0.068359375 0.060546875
0 0.3037109375 0.8154296875 0.060546875 0.056640625
0 0.373046875 0.8134765625 0.0625 0.060546875
0 0.4482421875 0.8154296875 0.068359375 0.052734375
0 0.5263671875 0.818359375 0.068359375 0.05859375
0 0.6015625 0.8173828125 0.0703125 0.060546875
0 0.6728515625 0.818359375 0.060546875 0.05859375
0 0.751953125 0.814453125 0.07421875 0.05859375
