0 0.0966796875 0.26953125 0.095703125 0.078125
0 0.19921875 0.265625 0.09765625 0.06640625
0 0.30859375 0.2626953125 0.09765625 0.076171875
0 0.416015625 0.265625 0.1015625 0.0625
0 0.53125 0.2666015625 0.11328125 0.076171875
0 0.650390625 0.2646484375 0.109375 0.083984375
0 0.7685546875 0.2626953125 0.103515625 0.080078125
0 0.88671875 0.2666015625 0.1171875 0.083984375
0 0.1123046875 0.35546875 0.103515625 0.06640625
0 0.2275390625 0.357421875 0.111328125 0.07421875
0 0.345703125 0.3564453125 0.109375 0.083984375
0 0.44921875 0.353515625 0.0703125 0.08203125
0 0.5517578125 0.3564453125 0.115234375 0.083984375
0 0.6728515625 0.3544921875 0.107421875 0.080078125
