0 0.4755859375 0.0703125 0.197265625 0.125
0 0.4755859375 0.1953125 0.181640625 0.12109375
0 0.4794921875 0.3154296875 0.169921875 0.111328125
0 0.2763671875 0.109375 0.177734375 0.11328125
0 0.2802734375 0.2333984375 0.185546875 0.123046875
0 0.28125 0.357421875 0.1875 0.11328125
0 0.2802734375 0.513671875 0.173828125 0.1171875
0 0.0986328125 0.0703125 0.166015625 0.109375
0 0.1015625 0.1826171875 0.1328125 0.111328125
0 0.0908203125 0.2958984375 0.166015625 0.107421875
0 0.09375 0.41015625 0.16796875 0.10546875
0 0.095703125 0.52734375 0.17578125 0.11328125
