0 0.18359375 0.1142578125 0.20703125 0.197265625
0 0.40234375 0.1181640625 0.1953125 0.208984375
0 0.615234375 0.1142578125 0.203125 0.205078125
0 0.8251953125 0.1162109375 0.185546875 0.158203125
0 0.162109375 0.3740234375 0.2109375 0.173828125
0 0.3740234375 0.375 0.169921875 0.18359375
0 0.5537109375 0.376953125 0.154296875 0.19140625
0 0.68359375 0.4365234375 0.08203125 0.099609375
0 0.833984375 0.37109375 0.19140625 0.19921875
0 0.1591796875 0.578125 0.205078125 0.20703125
0 0.3759765625 0.5791015625 0.201171875 0.201171875
