0 0.1435546875 0.2099609375 0.216796875 0.146484375
0 0.373046875 0.2158203125 0.21484375 0.154296875
0 0.6123046875 0.2177734375 0.220703125 0.158203125
0 0.857421875 0.2197265625 0.23046875 0.150390625
0 0.1220703125 0.37109375 0.197265625 0.140625
0 0.330078125 0.3759765625 0.203125 0.138671875
0 0.4951171875 0.3896484375 0.107421875 0.099609375
0 0.65625 0.375 0.20703125 0.140625
0 0.873046875 0.373046875 0.19921875 0.13671875
0 0.8544921875 0.470703125 0.087890625 0.0546875
0 0.9345703125 0.4736328125 0.060546875 0.052734375
