0 0.244140625 0.169921875 0.125 0.0859375
0 0.369140625 0.1689453125 0.11328125 0.083984375
0 0.4921875 0.1689453125 0.12109375 0.080078125
0 0.619140625 0.1728515625 0.1171875 0.080078125
0 0.75 0.171875 0.1171875 0.078125
0 0.208984375 0.2587890625 0.1171875 0.087890625
0 0.3310546875 0.2587890625 0.107421875 0.076171875
0 0.4404296875 0.2587890625 0.091796875 0.083984375
0 0.5595703125 0.259765625 0.115234375 0.08203125
0 0.68359375 0.2607421875 0.125 0.080078125
0 0.8134765625 0.26171875 0.119140625 0.08984375
