0 0.2490234375 0.068359375 0.068359375 0.05078125
0 0.3125 0.06640625 0.05078125 0.0546875
0 0.375 0.068359375 0.06640625 0.05078125
0 0.4462890625 0.0703125 0.064453125 0.046875
0 0.5546875 0.06640625 0.140625 0.125
0 0.7294921875 0.064453125 0.169921875 0.125
0 0.9072265625 0.0634765625 0.169921875 0.119140625
0 0.90234375 0.1875 0.16796875 0.12109375
0 0.90234375 0.3125 0.1796875 0.109375
0 0.8984375 0.3916015625 0.078125 0.041015625
0 0.9033203125 0.4755859375 0.173828125 0.119140625
0 0.904296875 0.6015625 0.17578125 0.1171875
