0 0.3076171875 0.4833984375 0.115234375 0.087890625
0 0.421875 0.484375 0.1015625 0.08203125
0 0.5322265625 0.484375 0.107421875 0.08203125
0 0.6455078125 0.4853515625 0.099609375 0.080078125
0 0.751953125 0.4873046875 0.09765625 0.076171875
0 0.072265625 0.5712890625 0.078125 0.072265625
0 0.1591796875 0.5751953125 0.083984375 0.060546875
0 0.3505859375 0.5751953125 0.087890625 0.064453125
0 0.455078125 0.5712890625 0.12109375 0.080078125
0 0.576171875 0.5712890625 0.11328125 0.080078125
0 0.6923828125 0.5751953125 0.103515625 0.068359375
0 0.8056640625 0.5712890625 0.115234375 0.083984375
0 0.927734375 0.5732421875 0.11328125 0.087890625
