0 0.099609375 0.08984375 0.171875 0.15625
0 0.2568359375 0.08984375 0.123046875 0.140625
0 0.4033203125 0.0869140625 0.150390625 0.130859375
0 0.5673828125 0.09375 0.158203125 0.15234375
0 0.7392578125 0.0888671875 0.162109375 0.158203125
0 0.912109375 0.08984375 0.13671875 0.1484375
0 0.1845703125 0.26171875 0.142578125 0.1640625
0 0.3466796875 0.25390625 0.162109375 0.15234375
0 0.51171875 0.251953125 0.1484375 0.13671875
0 0.6728515625 0.2578125 0.158203125 0.1640625
0 0.8447265625 0.2587890625 0.162109375 0.154296875
