0 0.904296875 0.1044921875 0.16015625 0.107421875
0 0.900390625 0.21484375 0.15234375 0.1015625
0 0.69921875 0.0810546875 0.22265625 0.150390625
0 0.693359375 0.212890625 0.19140625 0.09765625
0 0.7001953125 0.349609375 0.220703125 0.14453125
0 0.7138671875 0.4990234375 0.251953125 0.134765625
0 0.701171875 0.638671875 0.20703125 0.11328125
0 0.4833984375 0.072265625 0.189453125 0.12890625
0 0.4873046875 0.1962890625 0.142578125 0.119140625
0 0.4833984375 0.3193359375 0.189453125 0.115234375
0 0.5 0.427734375 0.16796875 0.08984375
0 0.4814453125 0.541015625 0.181640625 0.12109375
