0 0.232421875 0.05078125 0.1171875 0.078125
0 0.232421875 0.1259765625 0.1328125 0.072265625
0 0.2294921875 0.2041015625 0.134765625 0.076171875
0 0.236328125 0.2783203125 0.12109375 0.068359375
0 0.234375 0.349609375 0.13671875 0.0625
0 0.2353515625 0.419921875 0.126953125 0.0703125
0 0.232421875 0.4912109375 0.1171875 0.064453125
0 0.2353515625 0.5615234375 0.126953125 0.060546875
0 0.2470703125 0.6318359375 0.115234375 0.072265625
0 0.2353515625 0.708984375 0.138671875 0.06640625
0 0.251953125 0.7763671875 0.1015625 0.048828125
0 0.2412109375 0.8466796875 0.123046875 0.068359375
