0 0.798828125 0.0615234375 0.19921875 0.080078125
0 0.791015625 0.1474609375 0.16015625 0.076171875
0 0.794921875 0.2333984375 0.1484375 0.091796875
0 0.798828125 0.3291015625 0.19921875 0.087890625
0 0.8037109375 0.41015625 0.154296875 0.06640625
0 0.8037109375 0.4912109375 0.208984375 0.091796875
0 0.8076171875 0.58984375 0.205078125 0.09375
0 0.56640625 0.0654296875 0.171875 0.091796875
0 0.5703125 0.1630859375 0.21484375 0.091796875
0 0.5732421875 0.24609375 0.158203125 0.0625
0 0.5693359375 0.326171875 0.205078125 0.09765625
0 0.5703125 0.4267578125 0.203125 0.099609375
