0 0.8896484375 0.08203125 0.138671875 0.11328125
0 0.892578125 0.1953125 0.140625 0.109375
0 0.72265625 0.080078125 0.14453125 0.1015625
0 0.7216796875 0.19140625 0.142578125 0.10546875
0 0.72265625 0.3037109375 0.16015625 0.107421875
0 0.720703125 0.412109375 0.109375 0.09765625
0 0.556640625 0.0771484375 0.15625 0.111328125
0 0.5537109375 0.1923828125 0.146484375 0.103515625
0 0.560546875 0.306640625 0.1484375 0.109375
0 0.556640625 0.416015625 0.12890625 0.08203125
0 0.3876953125 0.0771484375 0.150390625 0.111328125
0 0.3935546875 0.1923828125 0.146484375 0.107421875
