0 0.919921875 0.2890625 0.13671875 0.08984375
0 0.91796875 0.3779296875 0.12890625 0.076171875
0 0.923828125 0.4677734375 0.140625 0.091796875
0 0.919921875 0.5654296875 0.13671875 0.091796875
0 0.8896484375 0.638671875 0.091796875 0.05078125
0 0.7734375 0.0576171875 0.12109375 0.087890625
0 0.779296875 0.140625 0.09765625 0.078125
0 0.78125 0.2216796875 0.09375 0.076171875
0 0.7783203125 0.2978515625 0.119140625 0.072265625
0 0.7734375 0.3818359375 0.1171875 0.080078125
0 0.7763671875 0.4638671875 0.123046875 0.076171875
0 0.7744140625 0.5439453125 0.119140625 0.076171875
0 0.7783203125 0.625 0.107421875 0.07421875
0 0.5400390625 0.115234375 0.318359375 0.21484375
0 0.54296875 0.33984375 0.29296875 0.21875
0 0.5478515625 0.5615234375 0.314453125 0.216796875
0 0.2099609375 0.3369140625 0.310546875 0.212890625
0 0.2158203125 0.55859375 0.322265625 0.2109375
