0 0.1181640625 0.0927734375 0.099609375 0.076171875
0 0.21875 0.0947265625 0.0703125 0.080078125
0 0.3251953125 0.091796875 0.107421875 0.078125
0 0.4287109375 0.0869140625 0.083984375 0.076171875
0 0.5205078125 0.0908203125 0.083984375 0.083984375
0 0.1162109375 0.1806640625 0.095703125 0.072265625
0 0.2109375 0.181640625 0.07421875 0.05859375
0 0.30859375 0.173828125 0.09375 0.06640625
0 0.4072265625 0.1728515625 0.095703125 0.068359375
0 0.21484375 0.259765625 0.09765625 0.078125
0 0.322265625 0.2568359375 0.0859375 0.072265625
0 0.419921875 0.25390625 0.09375 0.06640625
0 0.5224609375 0.2490234375 0.095703125 0.068359375
