0 0.4306640625 0.068359375 0.158203125 0.10546875
0 0.427734375 0.173828125 0.15234375 0.09375
0 0.4306640625 0.27734375 0.158203125 0.09765625
0 0.42578125 0.380859375 0.15625 0.1015625
0 0.4267578125 0.4775390625 0.142578125 0.080078125
0 0.26171875 0.2802734375 0.15625 0.103515625
0 0.2626953125 0.380859375 0.166015625 0.0859375
0 0.0927734375 0.1953125 0.166015625 0.109375
0 0.09765625 0.3076171875 0.16015625 0.103515625
0 0.0986328125 0.4111328125 0.158203125 0.099609375
0 0.1005859375 0.51953125 0.154296875 0.10546875
