0 0.091796875 0.17578125 0.125 0.0859375
0 0.2177734375 0.1787109375 0.099609375 0.087890625
0 0.3388671875 0.1748046875 0.111328125 0.087890625
0 0.458984375 0.1728515625 0.11328125 0.080078125
0 0.5693359375 0.1748046875 0.095703125 0.068359375
0 0.0947265625 0.26953125 0.119140625 0.078125
0 0.2158203125 0.2705078125 0.107421875 0.076171875
0 0.3359375 0.26953125 0.11328125 0.0703125
0 0.4541015625 0.271484375 0.115234375 0.078125
0 0.5751953125 0.26953125 0.107421875 0.0625
0 0.67578125 0.27734375 0.08203125 0.05859375
0 0.7802734375 0.2705078125 0.123046875 0.072265625
0 0.9052734375 0.2705078125 0.107421875 0.068359375
