0 0.115234375 0.064453125 0.16015625 0.109375
0 0.3212890625 0.0654296875 0.193359375 0.111328125
0 0.505859375 0.0732421875 0.15625 0.083984375
0 0.1083984375 0.177734375 0.197265625 0.10546875
0 0.314453125 0.177734375 0.19921875 0.10546875
0 0.5234375 0.177734375 0.19921875 0.10546875
0 0.728515625 0.1787109375 0.19921875 0.107421875
0 0.9111328125 0.1865234375 0.134765625 0.091796875
0 0.095703125 0.28125 0.16015625 0.0703125
0 0.2509765625 0.2841796875 0.115234375 0.083984375
0 0.39453125 0.2841796875 0.15234375 0.083984375
