0 0.1240234375 0.0849609375 0.130859375 0.083984375
0 0.146484375 0.154296875 0.078125 0.046875
0 0.1259765625 0.2119140625 0.119140625 0.064453125
0 0.1279296875 0.287109375 0.138671875 0.0390625
0 0.115234375 0.3486328125 0.1015625 0.052734375
0 0.123046875 0.41015625 0.11328125 0.05859375
0 0.130859375 0.482421875 0.14453125 0.07421875
0 0.1357421875 0.57421875 0.158203125 0.08984375
0 0.1279296875 0.662109375 0.130859375 0.078125
0 0.130859375 0.7431640625 0.10546875 0.080078125
0 0.1337890625 0.8359375 0.142578125 0.08984375
