0 0.0732421875 0.0654296875 0.142578125 0.111328125
0 0.208984375 0.06640625 0.10546875 0.109375
0 0.3310546875 0.064453125 0.130859375 0.109375
0 0.4609375 0.0634765625 0.11328125 0.083984375
0 0.12109375 0.1708984375 0.13671875 0.080078125
0 0.259765625 0.1708984375 0.12890625 0.087890625
0 0.3759765625 0.1708984375 0.091796875 0.091796875
0 0.486328125 0.16796875 0.11328125 0.09375
0 0.16015625 0.267578125 0.09765625 0.08984375
0 0.2568359375 0.283203125 0.099609375 0.046875
0 0.3603515625 0.2705078125 0.099609375 0.087890625
0 0.4697265625 0.2705078125 0.111328125 0.087890625
0 0.578125 0.2666015625 0.0859375 0.095703125
0 0.703125 0.2666015625 0.14453125 0.095703125
