0 0.861328125 0.11328125 0.18359375 0.12890625
0 0.865234375 0.232421875 0.12890625 0.09765625
0 0.8603515625 0.3486328125 0.189453125 0.123046875
0 0.86328125 0.453125 0.1640625 0.07421875
0 0.7138671875 0.0830078125 0.091796875 0.064453125
0 0.7138671875 0.15234375 0.091796875 0.06640625
0 0.7158203125 0.2138671875 0.099609375 0.048828125
0 0.712890625 0.2724609375 0.09375 0.060546875
0 0.712890625 0.33203125 0.08984375 0.0546875
0 0.7158203125 0.392578125 0.095703125 0.0546875
0 0.712890625 0.455078125 0.1015625 0.06640625
