0 0.173828125 0.1142578125 0.12109375 0.087890625
0 0.318359375 0.1142578125 0.1171875 0.103515625
0 0.2099609375 0.21875 0.138671875 0.08984375
0 0.35546875 0.2197265625 0.12890625 0.091796875
0 0.498046875 0.2197265625 0.12109375 0.091796875
0 0.6416015625 0.2138671875 0.123046875 0.091796875
0 0.783203125 0.22265625 0.13671875 0.1015625
0 0.353515625 0.353515625 0.1328125 0.09765625
0 0.498046875 0.3603515625 0.12109375 0.091796875
0 0.6416015625 0.3544921875 0.111328125 0.072265625
0 0.2275390625 0.462890625 0.134765625 0.08984375
0 0.37890625 0.4638671875 0.1328125 0.087890625
0 0.5166015625 0.4609375 0.130859375 0.0859375
0 0.66015625 0.46484375 0.109375 0.0859375
0 0.7724609375 0.46875 0.095703125 0.08203125
