0 0.3154296875 0.072265625 0.095703125 0.06640625
0 0.416015625 0.07421875 0.1015625 0.07421875
0 0.5771484375 0.072265625 0.150390625 0.1171875
0 0.7373046875 0.0693359375 0.162109375 0.119140625
0 0.9013671875 0.076171875 0.142578125 0.1015625
0 0.2919921875 0.19140625 0.166015625 0.09765625
0 0.4326171875 0.2109375 0.099609375 0.12109375
0 0.564453125 0.2138671875 0.1484375 0.119140625
0 0.7265625 0.212890625 0.171875 0.12890625
0 0.8974609375 0.2138671875 0.158203125 0.123046875
0 0.5771484375 0.359375 0.150390625 0.1171875
0 0.74609375 0.3603515625 0.16015625 0.123046875
0 0.9111328125 0.3603515625 0.146484375 0.115234375
