0 0.154296875 0.134765625 0.171875 0.11328125
0 0.3193359375 0.1337890625 0.146484375 0.107421875
0 0.4873046875 0.1357421875 0.162109375 0.119140625
0 0.1494140625 0.251953125 0.158203125 0.1015625
0 0.4150390625 0.2490234375 0.115234375 0.099609375
0 0.5634765625 0.248046875 0.142578125 0.09375
0 0.849609375 0.2470703125 0.14453125 0.111328125
0 0.1328125 0.357421875 0.1328125 0.09375
0 0.2841796875 0.3623046875 0.123046875 0.087890625
0 0.423828125 0.361328125 0.12890625 0.10546875
0 0.669921875 0.3642578125 0.078125 0.064453125
0 0.755859375 0.3662109375 0.08203125 0.064453125
0 0.8359375 0.3662109375 0.07421875 0.064453125
