0 0.84375 0.1220703125 0.18359375 0.134765625
0 0.8369140625 0.2705078125 0.169921875 0.138671875
0 0.8466796875 0.4384765625 0.189453125 0.150390625
0 0.6240234375 0.28125 0.193359375 0.15234375
0 0.62109375 0.44140625 0.203125 0.14453125
0 0.392578125 0.1171875 0.1953125 0.15234375
0 0.3935546875 0.279296875 0.193359375 0.15234375
0 0.3984375 0.439453125 0.19921875 0.1484375
0 0.171875 0.1240234375 0.20703125 0.150390625
0 0.1748046875 0.283203125 0.181640625 0.140625
0 0.17578125 0.4404296875 0.18359375 0.138671875
