0 0.146484375 0.1328125 0.09375 0.06640625
0 0.26953125 0.1298828125 0.08984375 0.064453125
0 0.396484375 0.1318359375 0.08984375 0.068359375
0 0.5185546875 0.1298828125 0.091796875 0.068359375
0 0.642578125 0.1279296875 0.0859375 0.068359375
0 0.126953125 0.26953125 0.15234375 0.109375
0 0.2841796875 0.26953125 0.150390625 0.109375
0 0.4345703125 0.2685546875 0.138671875 0.107421875
0 0.5810546875 0.2666015625 0.138671875 0.103515625
0 0.7314453125 0.2646484375 0.150390625 0.115234375
0 0.890625 0.2666015625 0.140625 0.115234375
