0 0.3916015625 0.298828125 0.115234375 0.1015625
0 0.603515625 0.3017578125 0.09375 0.095703125
0 0.70703125 0.302734375 0.11328125 0.09765625
0 0.8232421875 0.3037109375 0.111328125 0.095703125
0 0.927734375 0.302734375 0.0859375 0.09375
0 0.388671875 0.412109375 0.1015625 0.0859375
0 0.4951171875 0.412109375 0.099609375 0.08203125
0 0.6005859375 0.4072265625 0.099609375 0.087890625
0 0.6982421875 0.412109375 0.087890625 0.09765625
0 0.8017578125 0.4091796875 0.099609375 0.091796875
0 0.9033203125 0.4130859375 0.103515625 0.083984375
