0 0.9130859375 0.0712890625 0.166015625 0.095703125
0 0.916015625 0.181640625 0.16015625 0.10546875
0 0.9169921875 0.298828125 0.162109375 0.10546875
0 0.9130859375 0.4140625 0.150390625 0.109375
0 0.9140625 0.53125 0.16796875 0.109375
0 0.697265625 0.072265625 0.171875 0.125
0 0.701171875 0.1875 0.16796875 0.09765625
0 0.70703125 0.2998046875 0.16796875 0.103515625
0 0.701171875 0.4140625 0.1640625 0.1015625
0 0.7021484375 0.5263671875 0.169921875 0.099609375
0 0.70703125 0.63671875 0.16796875 0.10546875
0 0.5 0.0703125 0.16015625 0.109375
0 0.4990234375 0.189453125 0.158203125 0.10546875
0 0.4892578125 0.30078125 0.154296875 0.1015625
0 0.4921875 0.4189453125 0.1640625 0.115234375
0 0.4931640625 0.5322265625 0.134765625 0.103515625
0 0.4912109375 0.634765625 0.173828125 0.08984375
0 0.49609375 0.744140625 0.16796875 0.10546875
0 0.28125 0.0703125 0.1796875 0.109375
0 0.2763671875 0.1904296875 0.173828125 0.111328125
0 0.2822265625 0.3046875 0.162109375 0.10546875
0 0.2822265625 0.423828125 0.162109375 0.109375
0 0.28515625 0.5380859375 0.15625 0.095703125
0 0.2822265625 0.6494140625 0.162109375 0.107421875
