0 0.8359375 0.0810546875 0.2109375 0.126953125
0 0.833984375 0.205078125 0.203125 0.10546875
0 0.833984375 0.3291015625 0.203125 0.111328125
0 0.8271484375 0.453125 0.220703125 0.11328125
0 0.8291015625 0.5625 0.158203125 0.1015625
0 0.83203125 0.6689453125 0.14453125 0.095703125
0 0.58984375 0.08203125 0.21875 0.1171875
0 0.59375 0.1943359375 0.16796875 0.091796875
0 0.5908203125 0.3017578125 0.220703125 0.115234375
0 0.5859375 0.4208984375 0.21875 0.111328125
0 0.5849609375 0.5400390625 0.205078125 0.111328125
