0 0.099609375 0.087890625 0.0703125 0.05859375
0 0.1787109375 0.0927734375 0.076171875 0.060546875
0 0.2529296875 0.0908203125 0.052734375 0.068359375
0 0.3232421875 0.091796875 0.076171875 0.05859375
0 0.4091796875 0.091796875 0.076171875 0.0625
0 0.4755859375 0.0908203125 0.041015625 0.056640625
0 0.5498046875 0.0888671875 0.083984375 0.068359375
0 0.6376953125 0.0927734375 0.087890625 0.060546875
0 0.724609375 0.0908203125 0.0703125 0.056640625
0 0.8056640625 0.091796875 0.083984375 0.05859375
0 0.8916015625 0.0908203125 0.076171875 0.056640625
0 0.1572265625 0.2431640625 0.216796875 0.158203125
0 0.37890625 0.2421875 0.20703125 0.15234375
0 0.5966796875 0.2431640625 0.201171875 0.150390625
0 0.818359375 0.244140625 0.2109375 0.15234375
