0 0.32421875 0.0849609375 0.14453125 0.099609375
0 0.4697265625 0.0849609375 0.134765625 0.103515625
0 0.607421875 0.0849609375 0.12890625 0.099609375
0 0.712890625 0.0830078125 0.0703125 0.056640625
0 0.8193359375 0.0849609375 0.138671875 0.103515625
0 0.947265625 0.0849609375 0.09765625 0.095703125
0 0.1083984375 0.2080078125 0.181640625 0.123046875
0 0.2880859375 0.20703125 0.166015625 0.1171875
0 0.46875 0.208984375 0.1640625 0.12890625
0 0.640625 0.208984375 0.1640625 0.12890625
0 0.0908203125 0.3369140625 0.146484375 0.099609375
0 0.234375 0.3369140625 0.12890625 0.095703125
0 0.3681640625 0.3369140625 0.123046875 0.095703125
0 0.4931640625 0.3388671875 0.103515625 0.091796875
0 0.60546875 0.3369140625 0.1015625 0.095703125
