0 0.1201171875 0.0458984375 0.119140625 0.072265625
0 0.244140625 0.044921875 0.11328125 0.07421875
0 0.3427734375 0.0458984375 0.072265625 0.080078125
0 0.44140625 0.0498046875 0.11328125 0.060546875
0 0.611328125 0.0478515625 0.109375 0.060546875
0 0.7255859375 0.0478515625 0.095703125 0.080078125
0 0.845703125 0.048828125 0.13671875 0.078125
0 0.0703125 0.1220703125 0.10546875 0.068359375
0 0.185546875 0.1220703125 0.1015625 0.072265625
0 0.3115234375 0.12109375 0.115234375 0.0546875
0 0.4248046875 0.123046875 0.099609375 0.07421875
0 0.53125 0.119140625 0.0859375 0.06640625
0 0.0390625 0.197265625 0.046875 0.06640625
0 0.1025390625 0.1982421875 0.068359375 0.072265625
0 0.2060546875 0.19921875 0.115234375 0.0625
0 0.3212890625 0.1953125 0.103515625 0.0546875
0 0.4267578125 0.2021484375 0.087890625 0.052734375
0 0.53515625 0.201171875 0.12109375 0.0703125
0 0.6640625 0.1953125 0.12109375 0.0625
