0 0.3857421875 0.08203125 0.076171875 0.05078125
0 0.4677734375 0.08203125 0.072265625 0.05078125
0 0.5498046875 0.0810546875 0.072265625 0.048828125
0 0.6298828125 0.0810546875 0.072265625 0.056640625
0 0.244140625 0.16796875 0.12890625 0.0234375
0 0.373046875 0.1650390625 0.12890625 0.083984375
0 0.501953125 0.16796875 0.125 0.08203125
0 0.6376953125 0.166015625 0.126953125 0.078125
0 0.7705078125 0.1650390625 0.126953125 0.083984375
0 0.3046875 0.2646484375 0.12109375 0.080078125
0 0.435546875 0.2626953125 0.12109375 0.080078125
0 0.5712890625 0.263671875 0.123046875 0.08203125
0 0.7001953125 0.265625 0.123046875 0.0859375
