0 0.087890625 0.1201171875 0.109375 0.076171875
0 0.2099609375 0.1181640625 0.119140625 0.076171875
0 0.3359375 0.1162109375 0.109375 0.076171875
0 0.447265625 0.1162109375 0.11328125 0.072265625
0 0.56640625 0.1181640625 0.12109375 0.072265625
0 0.685546875 0.1181640625 0.11328125 0.068359375
0 0.083984375 0.1982421875 0.11328125 0.072265625
0 0.197265625 0.1953125 0.11328125 0.078125
0 0.2958984375 0.2041015625 0.087890625 0.064453125
0 0.400390625 0.197265625 0.11328125 0.07421875
0 0.525390625 0.1962890625 0.1171875 0.076171875
0 0.0712890625 0.279296875 0.076171875 0.07421875
0 0.1708984375 0.2783203125 0.103515625 0.068359375
0 0.275390625 0.2763671875 0.1015625 0.056640625
0 0.3818359375 0.27734375 0.099609375 0.06640625
0 0.4892578125 0.2734375 0.099609375 0.078125
0 0.58984375 0.2734375 0.10546875 0.078125
0 0.681640625 0.283203125 0.08203125 0.05859375
0 0.7734375 0.275390625 0.09375 0.07421875
