0 0.0791015625 0.4169921875 0.123046875 0.087890625
0 0.1982421875 0.4140625 0.107421875 0.0859375
0 0.3173828125 0.4150390625 0.123046875 0.087890625
0 0.083984375 0.5224609375 0.14453125 0.111328125
0 0.2294921875 0.517578125 0.138671875 0.10546875
0 0.3759765625 0.51953125 0.134765625 0.109375
0 0.521484375 0.5185546875 0.1328125 0.111328125
0 0.6611328125 0.5205078125 0.134765625 0.091796875
0 0.7802734375 0.5244140625 0.103515625 0.083984375
0 0.9072265625 0.513671875 0.142578125 0.1171875
