0 0.193359375 0.1669921875 0.05078125 0.041015625
0 0.2470703125 0.1669921875 0.056640625 0.037109375
0 0.302734375 0.1669921875 0.046875 0.033203125
0 0.357421875 0.1640625 0.05859375 0.03515625
0 0.408203125 0.166015625 0.04296875 0.0390625
0 0.466796875 0.162109375 0.05859375 0.0390625
0 0.5771484375 0.166015625 0.048828125 0.03125
0 0.62890625 0.1669921875 0.0546875 0.037109375
0 0.68359375 0.1669921875 0.0546875 0.037109375
0 0.740234375 0.1689453125 0.0546875 0.037109375
0 0.7958984375 0.16796875 0.056640625 0.0390625
