0 0.263671875 0.1826171875 0.0625 0.041015625
0 0.3212890625 0.1826171875 0.056640625 0.044921875
0 0.3818359375 0.18359375 0.060546875 0.046875
0 0.4443359375 0.18359375 0.064453125 0.05078125
0 0.5390625 0.1826171875 0.0625 0.044921875
0 0.6474609375 0.1806640625 0.060546875 0.044921875
0 0.712890625 0.1845703125 0.06640625 0.048828125
0 0.26953125 0.2373046875 0.0859375 0.060546875
0 0.359375 0.2392578125 0.0859375 0.060546875
0 0.447265625 0.2392578125 0.08984375 0.064453125
0 0.529296875 0.23828125 0.08203125 0.0625
0 0.6142578125 0.2392578125 0.083984375 0.064453125
0 0.701171875 0.2392578125 0.09375 0.064453125
