0 0.0859375 0.2138671875 0.125 0.111328125
0 0.216796875 0.2119140625 0.140625 0.115234375
0 0.3466796875 0.2109375 0.134765625 0.11328125
0 0.4814453125 0.2138671875 0.138671875 0.111328125
0 0.6171875 0.2109375 0.12890625 0.109375
0 0.75 0.2109375 0.13671875 0.11328125
0 0.8916015625 0.2109375 0.138671875 0.109375
0 0.1044921875 0.3349609375 0.162109375 0.111328125
0 0.2626953125 0.3408203125 0.150390625 0.107421875
0 0.396484375 0.3359375 0.1171875 0.109375
0 0.53515625 0.337890625 0.1640625 0.11328125
0 0.701171875 0.3388671875 0.171875 0.111328125
0 0.078125 0.4599609375 0.109375 0.111328125
0 0.19921875 0.4580078125 0.12890625 0.115234375
0 0.32421875 0.45703125 0.125 0.11328125
0 0.4716796875 0.4580078125 0.173828125 0.119140625
