0 0.859375 0.091796875 0.27734375 0.1640625
0 0.8466796875 0.24609375 0.216796875 0.1484375
0 0.8603515625 0.3984375 0.224609375 0.15234375
0 0.62109375 0.302734375 0.265625 0.18359375
0 0.6171875 0.4775390625 0.2890625 0.189453125
0 0.61328125 0.6318359375 0.234375 0.134765625
0 0.13671875 0.083984375 0.2578125 0.1640625
0 0.1337890625 0.2392578125 0.263671875 0.162109375
0 0.1279296875 0.40625 0.251953125 0.1640625
0 0.1318359375 0.5703125 0.259765625 0.1640625
0 0.1279296875 0.7353515625 0.251953125 0.166015625
0 0.126953125 0.8984375 0.24609375 0.1640625
