0 0.0771484375 0.2099609375 0.123046875 0.111328125
0 0.2080078125 0.2109375 0.142578125 0.109375
0 0.3349609375 0.2099609375 0.134765625 0.111328125
0 0.4736328125 0.2119140625 0.134765625 0.111328125
0 0.6083984375 0.2109375 0.134765625 0.109375
0 0.74609375 0.212890625 0.13671875 0.11328125
0 0.8818359375 0.2099609375 0.142578125 0.111328125
0 0.0927734375 0.333984375 0.162109375 0.10546875
0 0.248046875 0.3427734375 0.15625 0.111328125
0 0.38671875 0.3388671875 0.12109375 0.111328125
0 0.52734375 0.3408203125 0.1640625 0.115234375
0 0.6953125 0.3388671875 0.16796875 0.111328125
0 0.0673828125 0.4580078125 0.111328125 0.111328125
0 0.1845703125 0.4560546875 0.126953125 0.115234375
0 0.30859375 0.4560546875 0.125 0.115234375
0 0.45703125 0.4580078125 0.16796875 0.115234375
