0 0.1162109375 0.0830078125 0.080078125 0.052734375
0 0.193359375 0.0810546875 0.06640625 0.060546875
0 0.2666015625 0.0771484375 0.080078125 0.052734375
0 0.3994140625 0.076171875 0.080078125 0.05859375
0 0.4765625 0.08203125 0.06640625 0.046875
0 0.55078125 0.0771484375 0.07421875 0.048828125
0 0.6337890625 0.076171875 0.080078125 0.0546875
0 0.7236328125 0.0751953125 0.087890625 0.052734375
0 0.1220703125 0.14453125 0.095703125 0.06640625
0 0.2216796875 0.14453125 0.095703125 0.0625
0 0.3212890625 0.14453125 0.099609375 0.06640625
