0 0.26953125 0.2763671875 0.12890625 0.087890625
0 0.396484375 0.275390625 0.1171875 0.0859375
0 0.521484375 0.275390625 0.125 0.0859375
0 0.650390625 0.275390625 0.1171875 0.0859375
0 0.166015625 0.3818359375 0.1015625 0.072265625
0 0.271484375 0.3798828125 0.09375 0.068359375
0 0.369140625 0.3779296875 0.09765625 0.041015625
0 0.4580078125 0.37890625 0.080078125 0.0546875
0 0.533203125 0.3779296875 0.0625 0.068359375
0 0.6142578125 0.373046875 0.080078125 0.0703125
0 0.6845703125 0.3828125 0.060546875 0.046875
0 0.765625 0.3759765625 0.08203125 0.060546875
0 0.4599609375 0.4599609375 0.076171875 0.048828125
