0 0.0859375 0.0966796875 0.04296875 0.080078125
0 0.1630859375 0.0927734375 0.099609375 0.072265625
0 0.275390625 0.0947265625 0.11328125 0.076171875
0 0.3994140625 0.0927734375 0.115234375 0.076171875
0 0.5185546875 0.0927734375 0.111328125 0.072265625
0 0.12109375 0.1796875 0.1171875 0.078125
0 0.240234375 0.1806640625 0.1015625 0.083984375
0 0.3544921875 0.1787109375 0.091796875 0.080078125
0 0.4521484375 0.1796875 0.091796875 0.07421875
0 0.546875 0.1806640625 0.0859375 0.076171875
0 0.6572265625 0.177734375 0.099609375 0.078125
