0 0.2802734375 0.1689453125 0.095703125 0.068359375
0 0.375 0.171875 0.0859375 0.0703125
0 0.466796875 0.1728515625 0.09375 0.076171875
0 0.5537109375 0.185546875 0.076171875 0.046875
0 0.642578125 0.17578125 0.1015625 0.0625
0 0.75 0.1728515625 0.109375 0.060546875
0 0.2939453125 0.2470703125 0.111328125 0.052734375
0 0.396484375 0.2490234375 0.09375 0.068359375
0 0.4892578125 0.25 0.091796875 0.0625
0 0.576171875 0.2470703125 0.078125 0.060546875
0 0.666015625 0.2490234375 0.09375 0.064453125
0 0.75 0.2470703125 0.06640625 0.068359375
0 0.8232421875 0.2470703125 0.080078125 0.068359375
0 0.2529296875 0.322265625 0.103515625 0.0703125
0 0.3642578125 0.3212890625 0.107421875 0.072265625
0 0.4765625 0.3232421875 0.11328125 0.076171875
0 0.583984375 0.3232421875 0.1015625 0.076171875
0 0.6923828125 0.32421875 0.111328125 0.07421875
0 0.8056640625 0.3212890625 0.107421875 0.076171875
