0 0.2060546875 0.1923828125 0.134765625 0.080078125
0 0.3291015625 0.193359375 0.126953125 0.08984375
0 0.4580078125 0.1845703125 0.134765625 0.037109375
0 0.5947265625 0.19140625 0.119140625 0.09375
0 0.7177734375 0.19140625 0.138671875 0.08984375
0 0.828125 0.1943359375 0.07421875 0.080078125
0 0.3369140625 0.2919921875 0.138671875 0.087890625
0 0.4658203125 0.2919921875 0.126953125 0.087890625
0 0.5849609375 0.2958984375 0.111328125 0.068359375
0 0.685546875 0.29296875 0.09375 0.0859375
0 0.3251953125 0.5205078125 0.119140625 0.076171875
0 0.4443359375 0.51953125 0.123046875 0.08203125
0 0.5654296875 0.5185546875 0.115234375 0.080078125
0 0.6884765625 0.5185546875 0.126953125 0.080078125
