0 0.392578125 0.05078125 0.078125 0.078125
0 0.466796875 0.0546875 0.0703125 0.07421875
0 0.5654296875 0.05078125 0.130859375 0.09375
0 0.69140625 0.0517578125 0.11328125 0.087890625
0 0.7998046875 0.052734375 0.099609375 0.08203125
0 0.904296875 0.052734375 0.11328125 0.0859375
0 0.388671875 0.14453125 0.140625 0.09375
0 0.51953125 0.1435546875 0.12109375 0.091796875
0 0.6474609375 0.1416015625 0.123046875 0.083984375
0 0.77734375 0.142578125 0.12890625 0.08984375
0 0.90625 0.1455078125 0.1328125 0.091796875
