0 0.373046875 0.0400390625 0.06640625 0.064453125
0 0.423828125 0.0419921875 0.0390625 0.064453125
0 0.494140625 0.041015625 0.1015625 0.07421875
0 0.58984375 0.041015625 0.1015625 0.07421875
0 0.693359375 0.0439453125 0.09765625 0.060546875
0 0.3896484375 0.123046875 0.107421875 0.07421875
0 0.4912109375 0.1240234375 0.095703125 0.072265625
0 0.5888671875 0.1220703125 0.099609375 0.072265625
0 0.3896484375 0.2021484375 0.099609375 0.072265625
0 0.4912109375 0.2021484375 0.099609375 0.072265625
0 0.5908203125 0.203125 0.103515625 0.07421875
0 0.693359375 0.2041015625 0.09765625 0.072265625
