0 0.2626953125 0.193359375 0.162109375 0.109375
0 0.42578125 0.1943359375 0.1640625 0.115234375
0 0.576171875 0.1943359375 0.12890625 0.103515625
0 0.7294921875 0.1943359375 0.166015625 0.107421875
0 0.2412109375 0.4697265625 0.123046875 0.083984375
0 0.369140625 0.4697265625 0.12109375 0.087890625
0 0.494140625 0.4697265625 0.11328125 0.083984375
0 0.6201171875 0.470703125 0.126953125 0.0859375
0 0.7470703125 0.470703125 0.126953125 0.08984375
0 0.2451171875 0.3369140625 0.130859375 0.166015625
0 0.3896484375 0.337890625 0.146484375 0.171875
0 0.5283203125 0.3369140625 0.107421875 0.166015625
0 0.6455078125 0.3388671875 0.111328125 0.169921875
0 0.7626953125 0.3408203125 0.107421875 0.169921875
