0 0.21484375 0.2490234375 0.078125 0.060546875
0 0.2919921875 0.2490234375 0.076171875 0.056640625
0 0.3642578125 0.2490234375 0.068359375 0.056640625
0 0.4384765625 0.25 0.076171875 0.05859375
0 0.5263671875 0.248046875 0.091796875 0.0625
0 0.609375 0.2509765625 0.078125 0.048828125
0 0.6943359375 0.2490234375 0.091796875 0.060546875
0 0.78515625 0.2509765625 0.08984375 0.060546875
0 0.3603515625 0.3203125 0.173828125 0.0625
0 0.5009765625 0.3212890625 0.103515625 0.072265625
0 0.5986328125 0.322265625 0.099609375 0.08203125
0 0.673828125 0.3232421875 0.10546875 0.076171875
