0 0.1240234375 0.109375 0.119140625 0.15234375
0 0.2451171875 0.1103515625 0.119140625 0.150390625
0 0.365234375 0.1083984375 0.12109375 0.150390625
0 0.490234375 0.107421875 0.1171875 0.1484375
0 0.6123046875 0.109375 0.119140625 0.15234375
0 0.732421875 0.107421875 0.12109375 0.15234375
0 0.85546875 0.107421875 0.12109375 0.1484375
0 0.16796875 0.2509765625 0.09765625 0.107421875
0 0.265625 0.2529296875 0.09765625 0.107421875
0 0.3662109375 0.251953125 0.099609375 0.109375
0 0.46484375 0.2509765625 0.1015625 0.107421875
0 0.564453125 0.25390625 0.09375 0.10546875
0 0.6552734375 0.2509765625 0.087890625 0.103515625
0 0.744140625 0.2509765625 0.09765625 0.095703125
0 0.8251953125 0.25 0.064453125 0.1015625
