0 0.30078125 0.1044921875 0.12109375 0.095703125
0 0.4013671875 0.154296875 0.080078125 0.078125
0 0.490234375 0.1376953125 0.0859375 0.076171875
0 0.5927734375 0.1513671875 0.076171875 0.064453125
0 0.6953125 0.1591796875 0.11328125 0.060546875
0 0.1748046875 0.2724609375 0.091796875 0.068359375
0 0.2724609375 0.271484375 0.083984375 0.0625
0 0.3759765625 0.279296875 0.107421875 0.05859375
0 0.501953125 0.2685546875 0.125 0.091796875
0 0.6171875 0.26953125 0.08203125 0.07421875
0 0.7119140625 0.2587890625 0.080078125 0.064453125
0 0.796875 0.26953125 0.0859375 0.07421875
0 0.2529296875 0.3955078125 0.099609375 0.087890625
0 0.3681640625 0.396484375 0.099609375 0.0625
0 0.4736328125 0.4052734375 0.091796875 0.060546875
0 0.58203125 0.3828125 0.078125 0.06640625
0 0.6767578125 0.40234375 0.103515625 0.0703125
0 0.7890625 0.3994140625 0.109375 0.052734375
