0 0.2470703125 0.1962890625 0.130859375 0.107421875
0 0.380859375 0.1982421875 0.125 0.111328125
0 0.5126953125 0.1982421875 0.126953125 0.111328125
0 0.6279296875 0.1962890625 0.056640625 0.107421875
0 0.7509765625 0.197265625 0.126953125 0.109375
0 0.2421875 0.47265625 0.12890625 0.08984375
0 0.3740234375 0.47265625 0.126953125 0.0859375
0 0.5009765625 0.4736328125 0.119140625 0.087890625
0 0.626953125 0.474609375 0.12890625 0.08984375
0 0.75 0.4736328125 0.12109375 0.091796875
0 0.24609375 0.3408203125 0.13671875 0.166015625
0 0.39453125 0.3427734375 0.1484375 0.169921875
0 0.533203125 0.3408203125 0.11328125 0.166015625
0 0.6533203125 0.3427734375 0.111328125 0.169921875
0 0.7685546875 0.3427734375 0.107421875 0.169921875
