0 0.08984375 0.0673828125 0.1640625 0.083984375
0 0.2607421875 0.0673828125 0.173828125 0.099609375
0 0.431640625 0.0703125 0.1796875 0.08984375
0 0.6162109375 0.0693359375 0.181640625 0.099609375
0 0.072265625 0.16796875 0.13671875 0.09765625
0 0.22265625 0.169921875 0.16796875 0.08984375
0 0.361328125 0.16796875 0.1640625 0.1015625
0 0.533203125 0.1689453125 0.17578125 0.103515625
0 0.7138671875 0.169921875 0.185546875 0.1015625
0 0.8896484375 0.1708984375 0.169921875 0.091796875
0 0.0947265625 0.267578125 0.173828125 0.1015625
0 0.2744140625 0.26953125 0.177734375 0.1015625
