0 0.2470703125 0.51171875 0.115234375 0.078125
0 0.369140625 0.509765625 0.1171875 0.078125
0 0.4755859375 0.513671875 0.091796875 0.05859375
0 0.568359375 0.509765625 0.09375 0.07421875
0 0.6669921875 0.51171875 0.095703125 0.0703125
0 0.7685546875 0.513671875 0.095703125 0.05859375
0 0.1484375 0.61328125 0.1640625 0.1171875
0 0.3134765625 0.609375 0.162109375 0.1171875
0 0.4580078125 0.6123046875 0.107421875 0.115234375
0 0.6123046875 0.6103515625 0.177734375 0.115234375
0 0.7275390625 0.6318359375 0.126953125 0.087890625
0 0.857421875 0.6142578125 0.13671875 0.107421875
