0 0.1748046875 0.494140625 0.130859375 0.0859375
0 0.302734375 0.4970703125 0.109375 0.076171875
0 0.4208984375 0.4990234375 0.119140625 0.072265625
0 0.55078125 0.49609375 0.140625 0.08203125
0 0.68359375 0.4951171875 0.125 0.076171875
0 0.8037109375 0.49609375 0.111328125 0.08203125
0 0.0732421875 0.5849609375 0.123046875 0.072265625
0 0.203125 0.583984375 0.1328125 0.07421875
0 0.330078125 0.5830078125 0.109375 0.076171875
0 0.4453125 0.5888671875 0.11328125 0.064453125
0 0.5703125 0.58203125 0.11328125 0.078125
0 0.685546875 0.58203125 0.1171875 0.078125
0 0.7919921875 0.5830078125 0.083984375 0.076171875
0 0.91015625 0.5830078125 0.1171875 0.072265625
