0 0.904296875 0.0751953125 0.15625 0.126953125
0 0.904296875 0.2060546875 0.16015625 0.123046875
0 0.90234375 0.328125 0.16015625 0.1171875
0 0.90234375 0.4580078125 0.16015625 0.126953125
0 0.9013671875 0.6533203125 0.083984375 0.068359375
0 0.9013671875 0.7236328125 0.095703125 0.068359375
0 0.90234375 0.7919921875 0.08984375 0.064453125
0 0.748046875 0.0537109375 0.1171875 0.083984375
0 0.7509765625 0.1396484375 0.111328125 0.080078125
0 0.751953125 0.2265625 0.1171875 0.08984375
0 0.7529296875 0.3232421875 0.119140625 0.091796875
0 0.7529296875 0.4189453125 0.103515625 0.087890625
0 0.751953125 0.5087890625 0.1171875 0.083984375
0 0.75 0.6025390625 0.11328125 0.099609375
0 0.748046875 0.6982421875 0.125 0.083984375
0 0.75 0.783203125 0.11328125 0.08203125
