0 0.2802734375 0.1005859375 0.087890625 0.115234375
0 0.2802734375 0.220703125 0.076171875 0.1171875
0 0.2822265625 0.3388671875 0.091796875 0.119140625
0 0.279296875 0.46484375 0.0859375 0.125
0 0.2822265625 0.5947265625 0.091796875 0.130859375
0 0.2841796875 0.7216796875 0.091796875 0.119140625
0 0.185546875 0.0966796875 0.09765625 0.134765625
0 0.18359375 0.2060546875 0.0859375 0.123046875
0 0.1865234375 0.3408203125 0.095703125 0.130859375
0 0.1884765625 0.4697265625 0.095703125 0.130859375
