0 0.0986328125 0.2119140625 0.095703125 0.123046875
0 0.2138671875 0.2138671875 0.119140625 0.123046875
0 0.3251953125 0.212890625 0.099609375 0.12109375
0 0.421875 0.2099609375 0.10546875 0.119140625
0 0.5302734375 0.212890625 0.115234375 0.11328125
0 0.65234375 0.208984375 0.12109375 0.1015625
0 0.7626953125 0.205078125 0.087890625 0.12109375
0 0.8544921875 0.20703125 0.111328125 0.1171875
0 0.1416015625 0.35546875 0.193359375 0.12109375
0 0.271484375 0.3779296875 0.09765625 0.087890625
0 0.375 0.3515625 0.10546875 0.140625
0 0.458984375 0.390625 0.0625 0.05859375
0 0.5263671875 0.3876953125 0.068359375 0.068359375
0 0.5869140625 0.388671875 0.048828125 0.0625
0 0.6494140625 0.388671875 0.064453125 0.0625
0 0.767578125 0.38671875 0.0625 0.05859375
0 0.826171875 0.39453125 0.0546875 0.05078125
0 0.8857421875 0.3896484375 0.068359375 0.060546875
