0 0.099609375 0.2470703125 0.18359375 0.216796875
0 0.2919921875 0.2470703125 0.201171875 0.224609375
0 0.4892578125 0.2431640625 0.197265625 0.224609375
0 0.689453125 0.240234375 0.19921875 0.21484375
0 0.08203125 0.4501953125 0.15625 0.158203125
0 0.240234375 0.453125 0.15625 0.16796875
0 0.3916015625 0.45703125 0.150390625 0.1640625
0 0.5478515625 0.455078125 0.162109375 0.16015625
0 0.7060546875 0.4541015625 0.154296875 0.166015625
0 0.08203125 0.6201171875 0.16015625 0.107421875
0 0.236328125 0.6201171875 0.15234375 0.111328125
0 0.3916015625 0.62109375 0.154296875 0.11328125
0 0.5498046875 0.62109375 0.158203125 0.11328125
0 0.708984375 0.6220703125 0.16015625 0.115234375
