0 0.140625 0.15234375 0.1328125 0.10546875
0 0.2861328125 0.154296875 0.154296875 0.10546875
0 0.419921875 0.154296875 0.11328125 0.1015625
0 0.5478515625 0.158203125 0.130859375 0.109375
0 0.6728515625 0.1591796875 0.123046875 0.115234375
0 0.80078125 0.154296875 0.125 0.1171875
0 0.123046875 0.2529296875 0.10546875 0.068359375
0 0.2294921875 0.25390625 0.095703125 0.06640625
0 0.322265625 0.2529296875 0.07421875 0.068359375
0 0.412109375 0.25 0.09765625 0.07421875
0 0.50390625 0.259765625 0.0859375 0.05859375
0 0.59765625 0.2529296875 0.09375 0.072265625
