0 0.5390625 0.052734375 0.08984375 0.06640625
0 0.5439453125 0.1298828125 0.111328125 0.076171875
0 0.5419921875 0.2080078125 0.099609375 0.080078125
0 0.5380859375 0.2919921875 0.115234375 0.080078125
0 0.54296875 0.375 0.11328125 0.078125
0 0.3564453125 0.0908203125 0.228515625 0.150390625
0 0.35546875 0.234375 0.19921875 0.13671875
0 0.12890625 0.0888671875 0.203125 0.138671875
0 0.12890625 0.2275390625 0.19921875 0.138671875
0 0.12890625 0.359375 0.17578125 0.140625
0 0.125 0.50390625 0.15234375 0.140625
0 0.1357421875 0.630859375 0.201171875 0.11328125
