0 0.8876953125 0.1201171875 0.091796875 0.056640625
0 0.8857421875 0.1884765625 0.103515625 0.064453125
0 0.888671875 0.2568359375 0.09765625 0.060546875
0 0.888671875 0.328125 0.1015625 0.0625
0 0.88671875 0.3994140625 0.09375 0.064453125
0 0.884765625 0.4697265625 0.0859375 0.064453125
0 0.8857421875 0.5380859375 0.103515625 0.064453125
0 0.7626953125 0.1162109375 0.095703125 0.056640625
0 0.7607421875 0.1875 0.099609375 0.06640625
0 0.7626953125 0.2568359375 0.095703125 0.060546875
0 0.759765625 0.3271484375 0.1015625 0.064453125
0 0.76171875 0.3984375 0.09375 0.06640625
0 0.759765625 0.4697265625 0.09765625 0.064453125
0 0.7587890625 0.537109375 0.099609375 0.06640625
0 0.6318359375 0.1162109375 0.099609375 0.068359375
0 0.634765625 0.1845703125 0.10546875 0.068359375
0 0.634765625 0.2568359375 0.10546875 0.060546875
0 0.6328125 0.3291015625 0.10546875 0.064453125
0 0.6337890625 0.3974609375 0.091796875 0.064453125
0 0.630859375 0.46875 0.1015625 0.06640625
0 0.6318359375 0.5380859375 0.091796875 0.064453125
0 0.6298828125 0.609375 0.083984375 0.05859375
