0 0.14453125 0.146484375 0.2734375 0.1796875
0 0.6416015625 0.15234375 0.177734375 0.17578125
0 0.142578125 0.361328125 0.27734375 0.17578125
0 0.3984375 0.361328125 0.23046875 0.171875
0 0.6376953125 0.3662109375 0.173828125 0.177734375
0 0.7919921875 0.4091796875 0.126953125 0.083984375
0 0.912109375 0.4091796875 0.1171875 0.083984375
0 0.0693359375 0.548828125 0.134765625 0.09375
0 0.2119140625 0.546875 0.138671875 0.09765625
0 0.35546875 0.546875 0.140625 0.09765625
0 0.4892578125 0.5458984375 0.119140625 0.083984375
0 0.60546875 0.5478515625 0.1171875 0.068359375
0 0.7119140625 0.5595703125 0.095703125 0.060546875
0 0.8203125 0.5498046875 0.1171875 0.087890625
0 0.931640625 0.55078125 0.12109375 0.08984375
