0 0.8740234375 0.111328125 0.119140625 0.08203125
0 0.87109375 0.1953125 0.11328125 0.0859375
0 0.87109375 0.28125 0.11328125 0.08203125
0 0.8740234375 0.3662109375 0.119140625 0.080078125
0 0.87109375 0.4501953125 0.125 0.080078125
0 0.876953125 0.5380859375 0.109375 0.080078125
0 0.87109375 0.701171875 0.109375 0.078125
0 0.880859375 0.7783203125 0.0859375 0.068359375
0 0.869140625 0.857421875 0.11328125 0.07421875
0 0.748046875 0.1142578125 0.1171875 0.072265625
0 0.7490234375 0.19140625 0.123046875 0.0859375
0 0.7490234375 0.27734375 0.123046875 0.0859375
