0 0.2763671875 0.1884765625 0.103515625 0.076171875
0 0.39453125 0.1728515625 0.09765625 0.076171875
0 0.5048828125 0.1708984375 0.103515625 0.068359375
0 0.615234375 0.1806640625 0.08984375 0.052734375
0 0.7177734375 0.185546875 0.103515625 0.07421875
0 0.171875 0.2939453125 0.1015625 0.076171875
0 0.271484375 0.2685546875 0.0859375 0.072265625
0 0.3857421875 0.2568359375 0.103515625 0.083984375
0 0.501953125 0.2529296875 0.10546875 0.080078125
0 0.609375 0.263671875 0.0859375 0.0625
0 0.70703125 0.2685546875 0.09765625 0.072265625
0 0.8095703125 0.2939453125 0.099609375 0.080078125
0 0.4921875 0.3857421875 0.125 0.095703125
