0 0.0673828125 0.107421875 0.091796875 0.0859375
0 0.177734375 0.1083984375 0.12109375 0.091796875
0 0.298828125 0.107421875 0.125 0.09375
0 0.4296875 0.1064453125 0.125 0.099609375
0 0.5537109375 0.1064453125 0.119140625 0.099609375
0 0.67578125 0.107421875 0.125 0.1015625
0 0.80078125 0.1103515625 0.1171875 0.103515625
0 0.9072265625 0.109375 0.099609375 0.07421875
0 0.240234375 0.212890625 0.1171875 0.1015625
0 0.36328125 0.2119140625 0.12109375 0.099609375
0 0.48828125 0.2109375 0.125 0.09765625
0 0.6171875 0.2119140625 0.12890625 0.099609375
0 0.740234375 0.212890625 0.1171875 0.09375
