0 0.1181640625 0.12109375 0.134765625 0.1015625
0 0.259765625 0.123046875 0.140625 0.1015625
0 0.39453125 0.1240234375 0.12890625 0.103515625
0 0.53125 0.1220703125 0.1328125 0.103515625
0 0.6572265625 0.123046875 0.134765625 0.09765625
0 0.7978515625 0.1220703125 0.126953125 0.099609375
0 0.9296875 0.125 0.13671875 0.1015625
0 0.1162109375 0.2392578125 0.146484375 0.107421875
0 0.2578125 0.23828125 0.13671875 0.1015625
0 0.4091796875 0.234375 0.146484375 0.10546875
0 0.5400390625 0.2392578125 0.111328125 0.103515625
0 0.654296875 0.23828125 0.1171875 0.1015625
