0 0.3603515625 0.1826171875 0.095703125 0.087890625
0 0.498046875 0.1845703125 0.09765625 0.083984375
0 0.6318359375 0.1806640625 0.107421875 0.087890625
0 0.13671875 0.2900390625 0.09375 0.087890625
0 0.2294921875 0.291015625 0.087890625 0.0859375
0 0.3193359375 0.2919921875 0.095703125 0.087890625
0 0.4091796875 0.2890625 0.087890625 0.0859375
0 0.498046875 0.2900390625 0.08984375 0.087890625
0 0.5908203125 0.2890625 0.087890625 0.0859375
0 0.6806640625 0.2919921875 0.091796875 0.087890625
0 0.7705078125 0.28515625 0.087890625 0.0859375
0 0.861328125 0.2890625 0.09375 0.0859375
