0 0.17578125 0.3046875 0.14453125 0.09765625
0 0.3173828125 0.3046875 0.138671875 0.09765625
0 0.4541015625 0.306640625 0.126953125 0.08984375
0 0.5810546875 0.30859375 0.130859375 0.08984375
0 0.7197265625 0.30859375 0.138671875 0.08984375
0 0.8427734375 0.3076171875 0.107421875 0.091796875
0 0.1181640625 0.4599609375 0.115234375 0.189453125
0 0.2314453125 0.4619140625 0.115234375 0.197265625
0 0.3486328125 0.4619140625 0.134765625 0.185546875
0 0.478515625 0.4619140625 0.14453125 0.185546875
0 0.6005859375 0.4638671875 0.107421875 0.189453125
0 0.724609375 0.462890625 0.14453125 0.19921875
0 0.87109375 0.46484375 0.1484375 0.19921875
0 0.404296875 0.173828125 0.0859375 0.1171875
0 0.4892578125 0.1708984375 0.080078125 0.123046875
0 0.5712890625 0.1728515625 0.087890625 0.115234375
