0 0.0732421875 0.1640625 0.072265625 0.08984375
0 0.2412109375 0.162109375 0.146484375 0.08984375
0 0.3955078125 0.1630859375 0.142578125 0.087890625
0 0.5458984375 0.162109375 0.150390625 0.0859375
0 0.1376953125 0.2744140625 0.220703125 0.126953125
0 0.37890625 0.2744140625 0.21484375 0.130859375
0 0.6142578125 0.275390625 0.212890625 0.1328125
0 0.10546875 0.38671875 0.15234375 0.09375
0 0.2626953125 0.3857421875 0.154296875 0.095703125
0 0.4169921875 0.384765625 0.146484375 0.08984375
0 0.576171875 0.38671875 0.1484375 0.09375
0 0.7275390625 0.3857421875 0.158203125 0.091796875
