0 0.9208984375 0.2353515625 0.138671875 0.107421875
0 0.9248046875 0.3486328125 0.142578125 0.107421875
0 0.923828125 0.4560546875 0.1328125 0.103515625
0 0.921875 0.552734375 0.12109375 0.1015625
0 0.783203125 0.0615234375 0.14453125 0.107421875
0 0.783203125 0.169921875 0.14453125 0.109375
0 0.7802734375 0.2734375 0.083984375 0.09765625
0 0.7939453125 0.365234375 0.119140625 0.09375
0 0.787109375 0.53515625 0.125 0.08984375
0 0.806640625 0.611328125 0.08203125 0.06640625
0 0.7890625 0.6845703125 0.12890625 0.087890625
0 0.787109375 0.775390625 0.1328125 0.08984375
0 0.798828125 0.85546875 0.09765625 0.0703125
0 0.7900390625 0.9296875 0.134765625 0.10546875
