0 0.2001953125 0.1630859375 0.119140625 0.083984375
0 0.30859375 0.166015625 0.09375 0.06640625
0 0.4013671875 0.166015625 0.080078125 0.0703125
0 0.498046875 0.1669921875 0.0859375 0.060546875
0 0.607421875 0.16015625 0.08984375 0.08203125
0 0.728515625 0.16015625 0.125 0.08984375
0 0.833984375 0.1630859375 0.0859375 0.072265625
0 0.203125 0.2685546875 0.1171875 0.087890625
0 0.306640625 0.2763671875 0.06640625 0.072265625
0 0.40234375 0.275390625 0.09765625 0.07421875
0 0.49609375 0.2763671875 0.08203125 0.068359375
0 0.2119140625 0.3779296875 0.142578125 0.095703125
0 0.357421875 0.3798828125 0.13671875 0.095703125
