0 0.26953125 0.1875 0.1015625 0.078125
0 0.3857421875 0.1728515625 0.087890625 0.076171875
0 0.5029296875 0.1728515625 0.107421875 0.076171875
0 0.611328125 0.181640625 0.08984375 0.05859375
0 0.7119140625 0.1865234375 0.095703125 0.076171875
0 0.1640625 0.294921875 0.09375 0.08203125
0 0.267578125 0.2705078125 0.0859375 0.080078125
0 0.37890625 0.255859375 0.1015625 0.0859375
0 0.4990234375 0.2509765625 0.103515625 0.076171875
0 0.599609375 0.2626953125 0.0859375 0.056640625
0 0.7041015625 0.2685546875 0.095703125 0.072265625
0 0.8037109375 0.2919921875 0.099609375 0.076171875
0 0.4951171875 0.38671875 0.107421875 0.09375
