0 0.0517578125 0.1943359375 0.095703125 0.107421875
0 0.123046875 0.1865234375 0.0546875 0.083984375
0 0.1982421875 0.16796875 0.099609375 0.08984375
0 0.2685546875 0.1806640625 0.052734375 0.080078125
0 0.3330078125 0.1826171875 0.087890625 0.087890625
0 0.3984375 0.1826171875 0.0546875 0.080078125
0 0.4560546875 0.1875 0.056640625 0.078125
0 0.5341796875 0.173828125 0.076171875 0.09765625
0 0.6162109375 0.173828125 0.095703125 0.10546875
0 0.6943359375 0.173828125 0.076171875 0.09765625
0 0.7763671875 0.1630859375 0.091796875 0.111328125
0 0.8486328125 0.171875 0.072265625 0.09375
0 0.9296875 0.171875 0.0859375 0.09375
