0 0.2802734375 0.1806640625 0.107421875 0.076171875
0 0.4052734375 0.169921875 0.099609375 0.07421875
0 0.5166015625 0.1669921875 0.103515625 0.068359375
0 0.6279296875 0.1787109375 0.091796875 0.060546875
0 0.7294921875 0.1845703125 0.099609375 0.072265625
0 0.1689453125 0.2880859375 0.095703125 0.080078125
0 0.27734375 0.2626953125 0.08984375 0.076171875
0 0.39453125 0.251953125 0.10546875 0.08203125
0 0.5107421875 0.2509765625 0.103515625 0.080078125
0 0.6171875 0.2607421875 0.0859375 0.056640625
0 0.7216796875 0.265625 0.099609375 0.0703125
0 0.8251953125 0.29296875 0.107421875 0.08203125
0 0.50390625 0.384765625 0.11328125 0.09765625
