0 0.1044921875 0.353515625 0.091796875 0.0703125
0 0.193359375 0.353515625 0.078125 0.06640625
0 0.2841796875 0.353515625 0.091796875 0.06640625
0 0.37109375 0.3525390625 0.0859375 0.017578125
0 0.4609375 0.3515625 0.0859375 0.0625
0 0.5966796875 0.353515625 0.083984375 0.0546875
0 0.6845703125 0.353515625 0.091796875 0.06640625
0 0.8125 0.3544921875 0.0859375 0.060546875
0 0.90625 0.3525390625 0.08984375 0.064453125
0 0.2314453125 0.451171875 0.091796875 0.0703125
0 0.3232421875 0.453125 0.091796875 0.06640625
0 0.4130859375 0.4521484375 0.080078125 0.064453125
0 0.5029296875 0.4521484375 0.091796875 0.064453125
0 0.58984375 0.4521484375 0.0859375 0.060546875
0 0.6796875 0.451171875 0.0859375 0.06640625
0 0.767578125 0.453125 0.0859375 0.0703125
