0 0.8115234375 0.0322265625 0.076171875 0.052734375
0 0.8134765625 0.0830078125 0.072265625 0.048828125
0 0.81640625 0.1328125 0.078125 0.05078125
0 0.8115234375 0.228515625 0.134765625 0.09765625
0 0.810546875 0.3251953125 0.13671875 0.099609375
0 0.814453125 0.40234375 0.0859375 0.0625
0 0.80859375 0.482421875 0.12890625 0.09765625
0 0.80859375 0.5771484375 0.13671875 0.099609375
0 0.8076171875 0.6533203125 0.083984375 0.056640625
0 0.6494140625 0.05078125 0.138671875 0.09765625
0 0.65234375 0.1455078125 0.1328125 0.091796875
0 0.654296875 0.236328125 0.12890625 0.09375
