0 0.10546875 0.169921875 0.09375 0.0625
0 0.2041015625 0.16796875 0.095703125 0.06640625
0 0.2919921875 0.1689453125 0.083984375 0.064453125
0 0.3828125 0.1689453125 0.0859375 0.060546875
0 0.4736328125 0.1708984375 0.087890625 0.060546875
0 0.5556640625 0.169921875 0.064453125 0.06640625
0 0.1064453125 0.234375 0.095703125 0.06640625
0 0.2021484375 0.23828125 0.087890625 0.05859375
0 0.2822265625 0.236328125 0.064453125 0.06640625
0 0.36328125 0.23828125 0.08984375 0.0625
0 0.455078125 0.2353515625 0.08984375 0.068359375
0 0.54296875 0.23828125 0.08984375 0.0546875
0 0.642578125 0.2353515625 0.09765625 0.064453125
0 0.7314453125 0.2373046875 0.091796875 0.060546875
