0 0.099609375 0.0908203125 0.1015625 0.064453125
0 0.2041015625 0.0927734375 0.099609375 0.064453125
0 0.302734375 0.09375 0.09765625 0.06640625
0 0.4052734375 0.091796875 0.099609375 0.0625
0 0.5068359375 0.0927734375 0.095703125 0.068359375
0 0.60546875 0.0908203125 0.09375 0.060546875
0 0.1044921875 0.6318359375 0.103515625 0.064453125
0 0.2099609375 0.6328125 0.099609375 0.06640625
0 0.3115234375 0.6298828125 0.095703125 0.060546875
0 0.412109375 0.630859375 0.1015625 0.06640625
0 0.5126953125 0.630859375 0.095703125 0.06640625
0 0.6123046875 0.6337890625 0.087890625 0.068359375
0 0.1181640625 0.2353515625 0.134765625 0.208984375
0 0.287109375 0.234375 0.203125 0.21875
0 0.533203125 0.234375 0.28125 0.21875
0 0.1494140625 0.4892578125 0.201171875 0.216796875
0 0.3671875 0.486328125 0.203125 0.21484375
0 0.5849609375 0.4853515625 0.205078125 0.212890625
0 0.775390625 0.4833984375 0.16796875 0.208984375
