0 0.076171875 0.05078125 0.1171875 0.09765625
0 0.181640625 0.052734375 0.1171875 0.09375
0 0.28515625 0.05078125 0.1171875 0.09765625
0 0.3935546875 0.064453125 0.083984375 0.06640625
0 0.49609375 0.0517578125 0.12109375 0.095703125
0 0.6123046875 0.0537109375 0.111328125 0.095703125
0 0.7158203125 0.068359375 0.099609375 0.0703125
0 0.8232421875 0.0537109375 0.115234375 0.087890625
0 0.923828125 0.0703125 0.08984375 0.0703125
0 0.2119140625 0.583984375 0.080078125 0.08984375
0 0.3115234375 0.5859375 0.115234375 0.0859375
0 0.4228515625 0.5859375 0.111328125 0.08984375
0 0.5439453125 0.583984375 0.123046875 0.08203125
0 0.6650390625 0.5859375 0.123046875 0.08203125
0 0.7861328125 0.5859375 0.123046875 0.08984375
