0 0.1806640625 0.0869140625 0.169921875 0.107421875
0 0.33984375 0.083984375 0.16796875 0.10546875
0 0.49609375 0.087890625 0.140625 0.10546875
0 0.6123046875 0.103515625 0.123046875 0.0546875
0 0.71875 0.0966796875 0.09375 0.072265625
0 0.8203125 0.0859375 0.12890625 0.10546875
0 0.2568359375 0.220703125 0.154296875 0.09765625
0 0.4169921875 0.220703125 0.158203125 0.10546875
0 0.572265625 0.2197265625 0.15234375 0.103515625
0 0.7275390625 0.2216796875 0.158203125 0.103515625
0 0.837890625 0.21875 0.05078125 0.03125
