0 0.640625 0.0537109375 0.1328125 0.083984375
0 0.6435546875 0.1328125 0.138671875 0.078125
0 0.642578125 0.2099609375 0.1171875 0.076171875
0 0.64453125 0.287109375 0.1328125 0.078125
0 0.4375 0.1044921875 0.26953125 0.181640625
0 0.4296875 0.419921875 0.2578125 0.1796875
0 0.1962890625 0.060546875 0.154296875 0.1015625
0 0.1943359375 0.1513671875 0.146484375 0.091796875
0 0.19140625 0.251953125 0.15625 0.1015625
0 0.1962890625 0.3486328125 0.154296875 0.095703125
0 0.19140625 0.4443359375 0.14453125 0.099609375
0 0.19140625 0.5439453125 0.15625 0.099609375
0 0.189453125 0.64453125 0.15625 0.1015625
