0 0.8837890625 0.0673828125 0.158203125 0.103515625
0 0.8818359375 0.1572265625 0.150390625 0.091796875
0 0.888671875 0.2451171875 0.15625 0.095703125
0 0.88671875 0.333984375 0.12109375 0.0859375
0 0.88671875 0.423828125 0.1484375 0.09765625
0 0.890625 0.5224609375 0.15234375 0.095703125
0 0.396484375 0.056640625 0.12109375 0.078125
0 0.3994140625 0.130859375 0.107421875 0.078125
0 0.400390625 0.2451171875 0.12109375 0.080078125
0 0.1015625 0.068359375 0.15625 0.1015625
0 0.0986328125 0.162109375 0.146484375 0.08984375
0 0.1015625 0.25 0.15625 0.08984375
0 0.1044921875 0.3388671875 0.123046875 0.087890625
0 0.1044921875 0.4306640625 0.150390625 0.095703125
0 0.10546875 0.52734375 0.1484375 0.09765625
