0 0.5791015625 0.0791015625 0.119140625 0.083984375
0 0.576171875 0.1552734375 0.12109375 0.068359375
0 0.58203125 0.2294921875 0.12109375 0.080078125
0 0.5791015625 0.310546875 0.126953125 0.08203125
0 0.5751953125 0.390625 0.123046875 0.078125
0 0.5791015625 0.46875 0.126953125 0.078125
0 0.576171875 0.548828125 0.125 0.08203125
0 0.4375 0.3525390625 0.0859375 0.076171875
0 0.4443359375 0.427734375 0.103515625 0.07421875
0 0.439453125 0.498046875 0.11328125 0.0703125
0 0.4384765625 0.55859375 0.091796875 0.05078125
0 0.302734375 0.1826171875 0.12109375 0.076171875
0 0.298828125 0.2548828125 0.109375 0.068359375
0 0.3037109375 0.3212890625 0.123046875 0.080078125
0 0.306640625 0.39453125 0.10546875 0.06640625
0 0.298828125 0.470703125 0.12890625 0.078125
0 0.296875 0.5498046875 0.125 0.083984375
