0 0.1904296875 0.1474609375 0.095703125 0.087890625
0 0.287109375 0.14453125 0.09375 0.08203125
0 0.3740234375 0.1494140625 0.068359375 0.083984375
0 0.4443359375 0.1513671875 0.076171875 0.080078125
0 0.5263671875 0.1513671875 0.087890625 0.076171875
0 0.62109375 0.1513671875 0.1015625 0.087890625
0 0.712890625 0.1533203125 0.08203125 0.080078125
0 0.8037109375 0.1513671875 0.103515625 0.083984375
0 0.1259765625 0.26171875 0.138671875 0.1171875
0 0.275390625 0.2607421875 0.1484375 0.123046875
0 0.4228515625 0.26171875 0.138671875 0.11328125
0 0.5703125 0.263671875 0.14453125 0.12890625
0 0.7197265625 0.2666015625 0.142578125 0.126953125
0 0.8662109375 0.2685546875 0.142578125 0.119140625
