0 0.123046875 0.1328125 0.05078125 0.03515625
0 0.1728515625 0.1337890625 0.037109375 0.044921875
0 0.22265625 0.138671875 0.0546875 0.03125
0 0.28125 0.1318359375 0.05859375 0.033203125
0 0.3388671875 0.1328125 0.056640625 0.046875
0 0.4638671875 0.1318359375 0.052734375 0.044921875
0 0.5107421875 0.1396484375 0.037109375 0.033203125
0 0.560546875 0.1318359375 0.05078125 0.041015625
0 0.6171875 0.1328125 0.0625 0.0390625
0 0.673828125 0.134765625 0.046875 0.05078125
0 0.7294921875 0.1328125 0.068359375 0.05078125
0 0.80078125 0.1318359375 0.06640625 0.048828125
0 0.8681640625 0.1328125 0.068359375 0.0546875
