0 0.890625 0.0673828125 0.1328125 0.083984375
0 0.8896484375 0.15625 0.134765625 0.08984375
0 0.892578125 0.236328125 0.11328125 0.0703125
0 0.8935546875 0.3125 0.126953125 0.08203125
0 0.890625 0.396484375 0.1328125 0.0859375
0 0.892578125 0.4794921875 0.11328125 0.080078125
0 0.8935546875 0.560546875 0.103515625 0.08203125
0 0.888671875 0.6328125 0.12109375 0.07421875
0 0.73046875 0.0751953125 0.13671875 0.083984375
0 0.732421875 0.1572265625 0.140625 0.087890625
0 0.734375 0.2412109375 0.1171875 0.080078125
0 0.7392578125 0.3232421875 0.115234375 0.083984375
0 0.73046875 0.390625 0.1328125 0.06640625
