0 0.146484375 0.119140625 0.05078125 0.046875
0 0.2158203125 0.12109375 0.076171875 0.04296875
0 0.28125 0.1201171875 0.046875 0.044921875
0 0.3369140625 0.1201171875 0.060546875 0.041015625
0 0.4013671875 0.1162109375 0.064453125 0.044921875
0 0.4609375 0.119140625 0.0546875 0.046875
0 0.2021484375 0.2060546875 0.107421875 0.076171875
0 0.33984375 0.205078125 0.13671875 0.09375
0 0.482421875 0.205078125 0.1015625 0.08203125
0 0.5869140625 0.1953125 0.087890625 0.0546875
0 0.6630859375 0.197265625 0.068359375 0.0625
0 0.5732421875 0.26953125 0.123046875 0.06640625
0 0.708984375 0.271484375 0.13671875 0.08984375
0 0.849609375 0.2744140625 0.1015625 0.080078125
0 0.2880859375 0.3818359375 0.056640625 0.044921875
0 0.35546875 0.3837890625 0.078125 0.048828125
0 0.419921875 0.3828125 0.046875 0.046875
0 0.4873046875 0.3828125 0.076171875 0.046875
0 0.552734375 0.3837890625 0.046875 0.044921875
0 0.607421875 0.3837890625 0.0546875 0.037109375
0 0.66796875 0.3828125 0.0625 0.04296875
0 0.724609375 0.3828125 0.0546875 0.04296875
0 0.359375 0.4609375 0.11328125 0.08203125
0 0.498046875 0.4609375 0.140625 0.08984375
0 0.6416015625 0.4609375 0.099609375 0.08203125
