0 0.11328125 0.1005859375 0.171875 0.142578125
0 0.2841796875 0.0986328125 0.169921875 0.142578125
0 0.4541015625 0.099609375 0.169921875 0.14453125
0 0.580078125 0.1240234375 0.08203125 0.076171875
0 0.6650390625 0.1259765625 0.080078125 0.068359375
0 0.7509765625 0.1259765625 0.091796875 0.068359375
0 0.83984375 0.1259765625 0.08203125 0.068359375
0 0.923828125 0.126953125 0.0859375 0.0625
0 0.1162109375 0.2587890625 0.169921875 0.134765625
0 0.2841796875 0.2587890625 0.162109375 0.142578125
0 0.4052734375 0.28515625 0.076171875 0.0703125
0 0.537109375 0.26171875 0.17578125 0.140625
0 0.7138671875 0.259765625 0.166015625 0.14453125
0 0.83984375 0.28515625 0.08203125 0.0703125
0 0.9248046875 0.2861328125 0.076171875 0.068359375
