0 0.123046875 0.1162109375 0.1875 0.123046875
0 0.3115234375 0.1123046875 0.181640625 0.119140625
0 0.4521484375 0.138671875 0.103515625 0.0625
0 0.091796875 0.2412109375 0.1171875 0.080078125
0 0.2119140625 0.240234375 0.115234375 0.078125
0 0.3193359375 0.2392578125 0.115234375 0.076171875
0 0.4345703125 0.23828125 0.123046875 0.0859375
0 0.5390625 0.251953125 0.09375 0.06640625
0 0.6474609375 0.240234375 0.123046875 0.0859375
0 0.775390625 0.23828125 0.125 0.08984375
0 0.892578125 0.2392578125 0.11328125 0.083984375
0 0.087890625 0.3505859375 0.10546875 0.072265625
0 0.2021484375 0.345703125 0.119140625 0.08203125
0 0.322265625 0.345703125 0.12109375 0.08203125
0 0.4375 0.345703125 0.10546875 0.08203125
0 0.5595703125 0.345703125 0.130859375 0.08984375
