0 0.06640625 0.1689453125 0.046875 0.037109375
0 0.181640625 0.171875 0.05078125 0.03125
0 0.2314453125 0.17578125 0.044921875 0.02734375
0 0.28515625 0.16796875 0.0625 0.03515625
0 0.3779296875 0.1708984375 0.060546875 0.044921875
0 0.4248046875 0.1796875 0.052734375 0.02734375
0 0.4775390625 0.171875 0.048828125 0.0390625
0 0.5302734375 0.1728515625 0.056640625 0.041015625
0 0.64453125 0.1767578125 0.06640625 0.052734375
0 0.712890625 0.17578125 0.0703125 0.0546875
0 0.779296875 0.177734375 0.0703125 0.0390625
0 0.8466796875 0.1787109375 0.064453125 0.048828125
0 0.9111328125 0.1787109375 0.064453125 0.052734375
