0 0.3798828125 0.0576171875 0.056640625 0.037109375
0 0.4150390625 0.0595703125 0.017578125 0.033203125
0 0.4375 0.0654296875 0.02734375 0.025390625
0 0.4677734375 0.0595703125 0.029296875 0.033203125
0 0.49609375 0.0634765625 0.03125 0.025390625
0 0.53125 0.0634765625 0.04296875 0.025390625
0 0.5673828125 0.064453125 0.025390625 0.0234375
0 0.6181640625 0.0556640625 0.048828125 0.041015625
0 0.6708984375 0.056640625 0.052734375 0.0390625
0 0.77734375 0.0556640625 0.0625 0.041015625
0 0.8291015625 0.0625 0.041015625 0.03125
0 0.1787109375 0.154296875 0.318359375 0.203125
0 0.45703125 0.177734375 0.203125 0.1640625
0 0.64453125 0.2021484375 0.15625 0.107421875
0 0.8388671875 0.1767578125 0.224609375 0.166015625
0 0.71875 0.30859375 0.0859375 0.0703125
0 0.81640625 0.30859375 0.09765625 0.07421875
0 0.9169921875 0.3173828125 0.080078125 0.060546875
0 0.134765625 0.37890625 0.21875 0.15234375
0 0.341796875 0.3857421875 0.16796875 0.130859375
0 0.5498046875 0.3759765625 0.240234375 0.166015625
