0 0.19140625 0.22265625 0.20703125 0.13671875
0 0.3974609375 0.22265625 0.197265625 0.140625
0 0.6015625 0.22265625 0.20703125 0.140625
0 0.1630859375 0.3525390625 0.162109375 0.103515625
0 0.3251953125 0.3515625 0.162109375 0.109375
0 0.474609375 0.3544921875 0.140625 0.099609375
0 0.6015625 0.3623046875 0.1171875 0.076171875
0 0.72265625 0.3623046875 0.125 0.083984375
0 0.8583984375 0.3525390625 0.150390625 0.103515625
0 0.201171875 0.5703125 0.125 0.08984375
0 0.3310546875 0.568359375 0.126953125 0.0859375
0 0.462890625 0.5693359375 0.1328125 0.087890625
0 0.5908203125 0.5703125 0.126953125 0.0859375
0 0.72265625 0.568359375 0.1328125 0.08984375
