0 0.8330078125 0.1123046875 0.083984375 0.052734375
0 0.830078125 0.169921875 0.08984375 0.0546875
0 0.83203125 0.2265625 0.0703125 0.0546875
0 0.83203125 0.28515625 0.0703125 0.0546875
0 0.841796875 0.3291015625 0.0546875 0.025390625
0 0.8271484375 0.3681640625 0.072265625 0.056640625
0 0.7265625 0.1123046875 0.0859375 0.056640625
0 0.7275390625 0.166015625 0.072265625 0.05078125
0 0.7236328125 0.2197265625 0.087890625 0.048828125
0 0.7236328125 0.2705078125 0.080078125 0.048828125
0 0.72265625 0.326171875 0.08984375 0.0546875
0 0.7216796875 0.3837890625 0.072265625 0.056640625
0 0.71875 0.439453125 0.06640625 0.0546875
0 0.72265625 0.4951171875 0.078125 0.052734375
0 0.7197265625 0.548828125 0.072265625 0.05078125
0 0.6171875 0.109375 0.08984375 0.0546875
0 0.6181640625 0.1689453125 0.099609375 0.052734375
0 0.6162109375 0.224609375 0.083984375 0.0546875
