0 0.0751953125 0.1708984375 0.107421875 0.224609375
0 0.2890625 0.1748046875 0.30859375 0.228515625
0 0.4443359375 0.2265625 0.107421875 0.0859375
0 0.5634765625 0.21875 0.123046875 0.11328125
0 0.0517578125 0.345703125 0.095703125 0.0859375
0 0.1572265625 0.3486328125 0.099609375 0.080078125
0 0.2587890625 0.3466796875 0.095703125 0.087890625
0 0.47265625 0.34765625 0.09765625 0.0859375
0 0.5712890625 0.35546875 0.087890625 0.06640625
0 0.6611328125 0.3486328125 0.080078125 0.091796875
0 0.7529296875 0.3505859375 0.107421875 0.076171875
0 0.046875 0.4365234375 0.08984375 0.076171875
0 0.1513671875 0.4384765625 0.095703125 0.087890625
0 0.24609375 0.4375 0.0859375 0.0859375
0 0.33984375 0.443359375 0.08984375 0.07421875
0 0.4404296875 0.4365234375 0.103515625 0.087890625
0 0.55078125 0.4384765625 0.109375 0.087890625
0 0.6513671875 0.4443359375 0.087890625 0.068359375
0 0.7529296875 0.439453125 0.107421875 0.08984375
0 0.857421875 0.4404296875 0.10546875 0.083984375
