0 0.0771484375 0.158203125 0.150390625 0.14453125
0 0.232421875 0.15625 0.16015625 0.14453125
0 0.3876953125 0.1552734375 0.150390625 0.138671875
0 0.548828125 0.15625 0.13671875 0.140625
0 0.7265625 0.15625 0.12890625 0.13671875
0 0.9140625 0.158203125 0.13671875 0.140625
0 0.228515625 0.2705078125 0.1171875 0.076171875
0 0.341796875 0.2734375 0.11328125 0.07421875
0 0.44140625 0.26953125 0.0859375 0.08203125
0 0.5419921875 0.2685546875 0.111328125 0.083984375
0 0.6376953125 0.2802734375 0.099609375 0.064453125
0 0.74609375 0.271484375 0.109375 0.0859375
