0 0.5126953125 0.083984375 0.216796875 0.1171875
0 0.5126953125 0.2001953125 0.216796875 0.119140625
0 0.521484375 0.318359375 0.2265625 0.1171875
0 0.513671875 0.4365234375 0.21875 0.119140625
0 0.515625 0.5537109375 0.22265625 0.119140625
0 0.51953125 0.6728515625 0.203125 0.119140625
0 0.51953125 0.7890625 0.20703125 0.1171875
0 0.5224609375 0.9072265625 0.224609375 0.123046875
0 0.302734375 0.4013671875 0.18359375 0.111328125
0 0.3037109375 0.5087890625 0.166015625 0.103515625
0 0.30078125 0.61328125 0.1796875 0.10546875
0 0.3037109375 0.7177734375 0.173828125 0.103515625
0 0.3037109375 0.818359375 0.166015625 0.1015625
0 0.3271484375 0.91796875 0.126953125 0.1015625
