0 0.095703125 0.09375 0.09375 0.02734375
0 0.20703125 0.0849609375 0.109375 0.091796875
0 0.3291015625 0.08203125 0.126953125 0.08984375
0 0.1298828125 0.1884765625 0.115234375 0.091796875
0 0.2197265625 0.19140625 0.068359375 0.07421875
0 0.3115234375 0.185546875 0.103515625 0.09375
0 0.400390625 0.1953125 0.07421875 0.0546875
0 0.48828125 0.181640625 0.109375 0.08203125
0 0.5791015625 0.1875 0.068359375 0.078125
0 0.6484375 0.1845703125 0.07421875 0.099609375
0 0.7138671875 0.1884765625 0.060546875 0.080078125
0 0.791015625 0.1826171875 0.09375 0.080078125
