0 0.8369140625 0.103515625 0.076171875 0.05078125
0 0.8359375 0.154296875 0.07421875 0.05078125
0 0.8359375 0.1982421875 0.07421875 0.041015625
0 0.8369140625 0.2451171875 0.076171875 0.052734375
0 0.8359375 0.29296875 0.07421875 0.046875
0 0.8369140625 0.3388671875 0.072265625 0.044921875
0 0.728515625 0.1181640625 0.12109375 0.080078125
0 0.7294921875 0.2412109375 0.119140625 0.083984375
0 0.73046875 0.32421875 0.1171875 0.08203125
0 0.73046875 0.40625 0.1171875 0.08203125
0 0.73046875 0.4931640625 0.1171875 0.080078125
0 0.734375 0.5732421875 0.1171875 0.080078125
0 0.732421875 0.6474609375 0.109375 0.068359375
0 0.736328125 0.72265625 0.12109375 0.08203125
0 0.7333984375 0.8056640625 0.126953125 0.083984375
