0 0.0634765625 0.080078125 0.080078125 0.05859375
0 0.1484375 0.078125 0.0859375 0.05859375
0 0.236328125 0.0771484375 0.0859375 0.056640625
0 0.322265625 0.076171875 0.0859375 0.0625
0 0.408203125 0.076171875 0.0859375 0.0625
0 0.0712890625 0.150390625 0.103515625 0.0703125
0 0.1748046875 0.1494140625 0.107421875 0.068359375
0 0.2783203125 0.1474609375 0.103515625 0.068359375
0 0.3837890625 0.1484375 0.099609375 0.07421875
0 0.48828125 0.1455078125 0.10546875 0.072265625
0 0.5927734375 0.14453125 0.103515625 0.07421875
0 0.7421875 0.162109375 0.18359375 0.265625
0 0.900390625 0.1708984375 0.10546875 0.119140625
0 0.07421875 0.224609375 0.09765625 0.0703125
0 0.169921875 0.220703125 0.07421875 0.0703125
0 0.2587890625 0.21484375 0.107421875 0.06640625
0 0.359375 0.21875 0.09375 0.0703125
0 0.4599609375 0.21875 0.099609375 0.078125
