0 0.044921875 0.056640625 0.06640625 0.078125
0 0.1064453125 0.06640625 0.056640625 0.0546875
0 0.166015625 0.06640625 0.0625 0.0546875
0 0.22265625 0.0673828125 0.0546875 0.052734375
0 0.2744140625 0.06640625 0.041015625 0.0546875
0 0.3193359375 0.06640625 0.052734375 0.0546875
0 0.3779296875 0.06640625 0.056640625 0.0546875
0 0.4423828125 0.0556640625 0.060546875 0.076171875
0 0.5302734375 0.0546875 0.064453125 0.08203125
0 0.6240234375 0.056640625 0.068359375 0.078125
0 0.7041015625 0.0556640625 0.068359375 0.080078125
0 0.0283203125 0.115234375 0.037109375 0.02734375
0 0.064453125 0.115234375 0.0390625 0.03125
0 0.099609375 0.115234375 0.03515625 0.03125
0 0.0478515625 0.1640625 0.076171875 0.0625
0 0.125 0.1640625 0.08203125 0.0625
0 0.2041015625 0.162109375 0.080078125 0.0625
0 0.2822265625 0.162109375 0.080078125 0.0625
0 0.359375 0.162109375 0.078125 0.0625
0 0.5048828125 0.1630859375 0.068359375 0.060546875
0 0.03515625 0.2197265625 0.05859375 0.044921875
0 0.0947265625 0.2197265625 0.056640625 0.041015625
0 0.146484375 0.2197265625 0.05859375 0.048828125
0 0.1943359375 0.2197265625 0.041015625 0.044921875
0 0.240234375 0.21875 0.05078125 0.04296875
0 0.34765625 0.220703125 0.0546875 0.03125
0 0.400390625 0.2197265625 0.05078125 0.041015625
0 0.455078125 0.21875 0.0625 0.04296875
