0 0.619140625 0.1396484375 0.23046875 0.212890625
0 0.8544921875 0.2216796875 0.208984375 0.169921875
0 0.693359375 0.2998046875 0.08203125 0.068359375
0 0.6748046875 0.36328125 0.087890625 0.0625
0 0.681640625 0.431640625 0.1015625 0.06640625
0 0.6796875 0.5 0.09765625 0.0703125
0 0.6865234375 0.5478515625 0.072265625 0.056640625
0 0.69140625 0.60546875 0.08203125 0.0546875
0 0.6796875 0.669921875 0.09375 0.0703125
0 0.5556640625 0.294921875 0.111328125 0.06640625
0 0.548828125 0.361328125 0.09765625 0.0703125
0 0.5498046875 0.431640625 0.099609375 0.0703125
0 0.560546875 0.4990234375 0.08984375 0.064453125
0 0.5546875 0.5654296875 0.1015625 0.064453125
0 0.552734375 0.6328125 0.1015625 0.06640625
0 0.5537109375 0.703125 0.107421875 0.0703125
0 0.42578125 0.1328125 0.10546875 0.0703125
0 0.423828125 0.2021484375 0.109375 0.072265625
0 0.419921875 0.2734375 0.1015625 0.07421875
0 0.419921875 0.3447265625 0.10546875 0.072265625
0 0.42578125 0.416015625 0.10546875 0.07421875
0 0.423828125 0.4873046875 0.109375 0.072265625
0 0.4228515625 0.556640625 0.111328125 0.0703125
0 0.421875 0.6298828125 0.109375 0.072265625
0 0.42578125 0.7021484375 0.11328125 0.076171875
