0 0.271484375 0.1435546875 0.10546875 0.091796875
0 0.373046875 0.1435546875 0.08984375 0.095703125
0 0.4716796875 0.14453125 0.111328125 0.09375
0 0.58203125 0.1416015625 0.11328125 0.091796875
0 0.6962890625 0.14453125 0.107421875 0.09375
0 0.1767578125 0.2607421875 0.115234375 0.095703125
0 0.2900390625 0.259765625 0.115234375 0.09375
0 0.4013671875 0.259765625 0.103515625 0.08203125
0 0.5 0.2587890625 0.08203125 0.087890625
0 0.58984375 0.2587890625 0.09765625 0.083984375
0 0.693359375 0.2548828125 0.1015625 0.091796875
0 0.796875 0.2578125 0.109375 0.0859375
0 0.3671875 0.41796875 0.15234375 0.13671875
0 0.59765625 0.4072265625 0.15625 0.115234375
