0 0.271484375 0.076171875 0.10546875 0.0703125
0 0.3779296875 0.0771484375 0.107421875 0.072265625
0 0.4873046875 0.078125 0.103515625 0.0625
0 0.5966796875 0.0751953125 0.107421875 0.068359375
0 0.705078125 0.07421875 0.109375 0.0703125
0 0.2294921875 0.1787109375 0.146484375 0.111328125
0 0.3642578125 0.1826171875 0.134765625 0.099609375
0 0.5107421875 0.1806640625 0.146484375 0.119140625
0 0.626953125 0.18359375 0.11328125 0.109375
0 0.763671875 0.1826171875 0.15625 0.103515625
0 0.3037109375 0.28515625 0.123046875 0.08984375
0 0.431640625 0.2822265625 0.125 0.087890625
0 0.5576171875 0.2861328125 0.126953125 0.087890625
0 0.6796875 0.2890625 0.12109375 0.08984375
