0 0.1279296875 0.3388671875 0.212890625 0.353515625
0 0.4150390625 0.2822265625 0.353515625 0.248046875
0 0.693359375 0.2841796875 0.203125 0.251953125
0 0.8330078125 0.244140625 0.111328125 0.328125
0 0.93359375 0.24609375 0.12890625 0.32421875
0 0.26953125 0.4755859375 0.0625 0.056640625
0 0.33203125 0.4755859375 0.0625 0.064453125
0 0.3955078125 0.474609375 0.056640625 0.05859375
0 0.4580078125 0.474609375 0.064453125 0.05859375
0 0.5234375 0.474609375 0.06640625 0.0625
0 0.5810546875 0.474609375 0.052734375 0.0546875
0 0.6923828125 0.4736328125 0.068359375 0.056640625
0 0.7548828125 0.47265625 0.056640625 0.05859375
0 0.873046875 0.470703125 0.0625 0.0546875
