0 0.099609375 0.283203125 0.140625 0.10546875
0 0.23828125 0.28515625 0.14453125 0.11328125
0 0.357421875 0.302734375 0.10546875 0.0703125
0 0.4892578125 0.2939453125 0.154296875 0.119140625
0 0.6064453125 0.29296875 0.083984375 0.109375
0 0.0966796875 0.4111328125 0.142578125 0.111328125
0 0.2392578125 0.408203125 0.142578125 0.08203125
0 0.3662109375 0.3935546875 0.166015625 0.076171875
0 0.517578125 0.40625 0.140625 0.0625
0 0.1103515625 0.521484375 0.158203125 0.10546875
0 0.26953125 0.521484375 0.15234375 0.10546875
0 0.419921875 0.51953125 0.140625 0.08984375
0 0.568359375 0.5205078125 0.1484375 0.103515625
0 0.7158203125 0.51953125 0.142578125 0.1015625
