0 0.0751953125 0.0947265625 0.115234375 0.087890625
0 0.189453125 0.09375 0.1171875 0.09375
0 0.306640625 0.0927734375 0.10546875 0.080078125
0 0.412109375 0.091796875 0.10546875 0.08203125
0 0.51171875 0.0908203125 0.08984375 0.080078125
0 0.6123046875 0.0908203125 0.107421875 0.080078125
0 0.7177734375 0.08984375 0.083984375 0.08203125
0 0.8291015625 0.0830078125 0.033203125 0.048828125
0 0.9130859375 0.083984375 0.087890625 0.05859375
0 0.8427734375 0.1572265625 0.076171875 0.056640625
0 0.9189453125 0.1591796875 0.080078125 0.056640625
