0 0.091796875 0.3544921875 0.09375 0.064453125
0 0.181640625 0.353515625 0.08984375 0.06640625
0 0.271484375 0.353515625 0.09375 0.0703125
0 0.36328125 0.3505859375 0.08984375 0.017578125
0 0.453125 0.3505859375 0.08984375 0.064453125
0 0.5869140625 0.3505859375 0.091796875 0.056640625
0 0.6787109375 0.3515625 0.087890625 0.06640625
0 0.8125 0.3505859375 0.0859375 0.060546875
0 0.900390625 0.349609375 0.08984375 0.0625
0 0.2236328125 0.4501953125 0.087890625 0.068359375
0 0.3134765625 0.447265625 0.095703125 0.06640625
0 0.404296875 0.4501953125 0.0859375 0.068359375
0 0.49609375 0.4501953125 0.08984375 0.068359375
0 0.5830078125 0.4482421875 0.087890625 0.064453125
0 0.677734375 0.44921875 0.0859375 0.06640625
0 0.765625 0.447265625 0.08984375 0.06640625
