0 0.1240234375 0.1328125 0.154296875 0.19140625
0 0.23828125 0.1337890625 0.0546875 0.189453125
0 0.349609375 0.1328125 0.16796875 0.19140625
0 0.5185546875 0.1328125 0.166015625 0.1953125
0 0.630859375 0.2060546875 0.0625 0.044921875
0 0.7197265625 0.17578125 0.107421875 0.109375
0 0.8330078125 0.1767578125 0.119140625 0.111328125
0 0.1015625 0.294921875 0.109375 0.11328125
0 0.2119140625 0.294921875 0.107421875 0.11328125
0 0.3603515625 0.2978515625 0.107421875 0.111328125
0 0.45703125 0.3046875 0.08984375 0.078125
0 0.55078125 0.294921875 0.1015625 0.11328125
0 0.6591796875 0.2978515625 0.107421875 0.111328125
0 0.8388671875 0.2978515625 0.091796875 0.107421875
0 0.900390625 0.333984375 0.0625 0.0390625
0 0.1748046875 0.4111328125 0.107421875 0.103515625
0 0.2861328125 0.412109375 0.111328125 0.1015625
0 0.3984375 0.4140625 0.109375 0.10546875
0 0.5869140625 0.4580078125 0.259765625 0.193359375
