0 0.123046875 0.0908203125 0.15625 0.099609375
0 0.2685546875 0.091796875 0.138671875 0.1015625
0 0.41796875 0.0908203125 0.1484375 0.099609375
0 0.5595703125 0.0869140625 0.142578125 0.099609375
0 0.7060546875 0.0888671875 0.154296875 0.099609375
0 0.859375 0.0908203125 0.1484375 0.103515625
0 0.109375 0.201171875 0.140625 0.0546875
0 0.2451171875 0.1982421875 0.115234375 0.068359375
0 0.34375 0.1953125 0.08203125 0.09375
0 0.4521484375 0.193359375 0.130859375 0.1015625
0 0.53515625 0.2080078125 0.08984375 0.072265625
0 0.6298828125 0.1962890625 0.111328125 0.091796875
