0 0.07421875 0.056640625 0.0703125 0.06640625
0 0.1474609375 0.056640625 0.080078125 0.0625
0 0.216796875 0.0615234375 0.05859375 0.052734375
0 0.2890625 0.056640625 0.07421875 0.0625
0 0.3623046875 0.0546875 0.076171875 0.0625
0 0.43359375 0.0595703125 0.06640625 0.052734375
0 0.0810546875 0.1455078125 0.087890625 0.091796875
0 0.1494140625 0.1591796875 0.068359375 0.064453125
0 0.2158203125 0.171875 0.076171875 0.08984375
0 0.2861328125 0.1591796875 0.068359375 0.060546875
0 0.3916015625 0.1455078125 0.134765625 0.091796875
0 0.494140625 0.1591796875 0.06640625 0.068359375
0 0.5654296875 0.14453125 0.080078125 0.09375
0 0.63671875 0.1591796875 0.06640625 0.064453125
0 0.697265625 0.16015625 0.05859375 0.06640625
0 0.7861328125 0.1357421875 0.099609375 0.119140625
