0 0.115234375 0.1787109375 0.19921875 0.185546875
0 0.2978515625 0.2041015625 0.166015625 0.181640625
0 0.4912109375 0.1748046875 0.201171875 0.244140625
0 0.6904296875 0.1806640625 0.189453125 0.216796875
0 0.8759765625 0.1669921875 0.220703125 0.248046875
0 0.1943359375 0.4658203125 0.130859375 0.115234375
0 0.388671875 0.4423828125 0.234375 0.244140625
0 0.6220703125 0.4384765625 0.224609375 0.248046875
0 0.7841796875 0.466796875 0.138671875 0.12890625
0 0.0869140625 0.6748046875 0.138671875 0.146484375
0 0.2255859375 0.673828125 0.126953125 0.13671875
0 0.357421875 0.6767578125 0.1328125 0.142578125
0 0.4892578125 0.67578125 0.134765625 0.140625
0 0.619140625 0.67578125 0.12890625 0.14453125
0 0.7490234375 0.6748046875 0.126953125 0.138671875
0 0.88671875 0.6767578125 0.140625 0.142578125
0 0.28125 0.84765625 0.140625 0.14453125
0 0.41796875 0.84765625 0.14453125 0.140625
0 0.552734375 0.8505859375 0.12890625 0.138671875
0 0.6826171875 0.84765625 0.138671875 0.14453125
