0 0.1328125 0.1630859375 0.0390625 0.072265625
0 0.1787109375 0.162109375 0.052734375 0.07421875
0 0.2451171875 0.1630859375 0.076171875 0.076171875
0 0.322265625 0.162109375 0.05078125 0.07421875
0 0.3720703125 0.162109375 0.048828125 0.07421875
0 0.423828125 0.162109375 0.05078125 0.07421875
0 0.47265625 0.162109375 0.046875 0.07421875
0 0.5537109375 0.162109375 0.052734375 0.07421875
0 0.60546875 0.1630859375 0.05078125 0.076171875
0 0.6552734375 0.162109375 0.044921875 0.07421875
0 0.7080078125 0.162109375 0.056640625 0.07421875
0 0.16015625 0.251953125 0.11328125 0.078125
0 0.2685546875 0.2529296875 0.099609375 0.076171875
0 0.369140625 0.2529296875 0.09375 0.068359375
0 0.4697265625 0.2548828125 0.103515625 0.076171875
0 0.5732421875 0.2529296875 0.095703125 0.068359375
0 0.6748046875 0.2529296875 0.095703125 0.072265625
