0 0.84375 0.2568359375 0.10546875 0.087890625
0 0.8447265625 0.3447265625 0.130859375 0.091796875
0 0.8427734375 0.427734375 0.087890625 0.06640625
0 0.7158203125 0.1884765625 0.123046875 0.095703125
0 0.7138671875 0.283203125 0.130859375 0.09375
0 0.7158203125 0.375 0.123046875 0.09375
0 0.7138671875 0.45703125 0.091796875 0.0703125
0 0.587890625 0.08984375 0.09375 0.0703125
0 0.5869140625 0.1611328125 0.091796875 0.068359375
0 0.587890625 0.2265625 0.08203125 0.06640625
0 0.58203125 0.3046875 0.1171875 0.09765625
0 0.5830078125 0.400390625 0.115234375 0.09375
0 0.5869140625 0.478515625 0.126953125 0.0859375
0 0.587890625 0.5478515625 0.09375 0.064453125
