0 0.068359375 0.0517578125 0.11328125 0.099609375
0 0.1884765625 0.052734375 0.119140625 0.09765625
0 0.3125 0.05078125 0.12109375 0.09375
0 0.4287109375 0.052734375 0.115234375 0.09765625
0 0.556640625 0.0537109375 0.13671875 0.095703125
0 0.6953125 0.0546875 0.13671875 0.09375
0 0.140625 0.193359375 0.26171875 0.1640625
0 0.4130859375 0.1943359375 0.271484375 0.166015625
0 0.142578125 0.3671875 0.2421875 0.15234375
0 0.38671875 0.3681640625 0.25 0.150390625
0 0.6455078125 0.365234375 0.251953125 0.15234375
0 0.8759765625 0.359375 0.193359375 0.15234375
0 0.134765625 0.5634765625 0.23046875 0.169921875
0 0.361328125 0.5361328125 0.25 0.162109375
0 0.134765625 0.7216796875 0.17578125 0.158203125
0 0.2802734375 0.703125 0.166015625 0.15625
0 0.4287109375 0.6865234375 0.169921875 0.154296875
