0 0.12890625 0.2119140625 0.19921875 0.212890625
0 0.3232421875 0.2119140625 0.177734375 0.224609375
0 0.515625 0.21484375 0.203125 0.22265625
0 0.7021484375 0.2177734375 0.193359375 0.208984375
0 0.873046875 0.2373046875 0.171875 0.173828125
0 0.20703125 0.419921875 0.1484375 0.20703125
0 0.3486328125 0.427734375 0.138671875 0.1953125
0 0.478515625 0.4267578125 0.12109375 0.177734375
0 0.6201171875 0.4248046875 0.134765625 0.193359375
0 0.7509765625 0.427734375 0.146484375 0.20703125
0 0.8984375 0.42578125 0.140625 0.20703125
