0 0.1357421875 0.1796875 0.080078125 0.0625
0 0.2138671875 0.1806640625 0.080078125 0.064453125
0 0.2919921875 0.1796875 0.076171875 0.0625
0 0.373046875 0.1796875 0.0859375 0.06640625
0 0.1533203125 0.267578125 0.123046875 0.09765625
0 0.3935546875 0.259765625 0.138671875 0.09375
0 0.6416015625 0.267578125 0.123046875 0.09765625
0 0.763671875 0.2666015625 0.12109375 0.099609375
0 0.8828125 0.267578125 0.1015625 0.10546875
0 0.5556640625 0.3662109375 0.107421875 0.123046875
0 0.6640625 0.3798828125 0.09765625 0.087890625
0 0.7685546875 0.3818359375 0.111328125 0.091796875
0 0.875 0.380859375 0.1015625 0.08984375
