0 0.1298828125 0.0869140625 0.095703125 0.052734375
0 0.2275390625 0.0859375 0.095703125 0.05859375
0 0.2998046875 0.0859375 0.052734375 0.05078125
0 0.373046875 0.0869140625 0.09375 0.052734375
0 0.470703125 0.0869140625 0.09765625 0.052734375
0 0.5771484375 0.0830078125 0.095703125 0.052734375
0 0.6826171875 0.0849609375 0.115234375 0.056640625
0 0.7880859375 0.083984375 0.103515625 0.0546875
0 0.8974609375 0.0869140625 0.115234375 0.052734375
0 0.51953125 0.1904296875 0.09375 0.068359375
0 0.615234375 0.189453125 0.09375 0.06640625
0 0.712890625 0.1904296875 0.09375 0.064453125
0 0.80859375 0.1904296875 0.09375 0.064453125
0 0.9052734375 0.1904296875 0.095703125 0.068359375
