0 0.19140625 0.2294921875 0.12109375 0.138671875
0 0.3251953125 0.23046875 0.150390625 0.1328125
0 0.478515625 0.2490234375 0.15234375 0.095703125
0 0.609375 0.25 0.09765625 0.09765625
0 0.70703125 0.251953125 0.0703125 0.09765625
0 0.7958984375 0.2529296875 0.095703125 0.095703125
0 0.173828125 0.3251953125 0.05859375 0.041015625
0 0.25 0.3310546875 0.03515625 0.033203125
0 0.31640625 0.330078125 0.02734375 0.03125
0 0.37890625 0.32421875 0.03515625 0.04296875
0 0.4462890625 0.330078125 0.033203125 0.03125
0 0.505859375 0.328125 0.02734375 0.0390625
0 0.5712890625 0.3310546875 0.041015625 0.033203125
0 0.634765625 0.3291015625 0.02734375 0.037109375
0 0.689453125 0.326171875 0.0234375 0.04296875
0 0.7490234375 0.33203125 0.033203125 0.03125
0 0.818359375 0.333984375 0.0390625 0.03515625
0 0.400390625 0.3994140625 0.109375 0.091796875
0 0.58203125 0.40234375 0.11328125 0.08984375
0 0.2216796875 0.4833984375 0.060546875 0.048828125
0 0.2822265625 0.484375 0.060546875 0.046875
0 0.3623046875 0.482421875 0.064453125 0.0546875
0 0.4267578125 0.4853515625 0.056640625 0.052734375
0 0.490234375 0.4833984375 0.05859375 0.048828125
0 0.5478515625 0.4853515625 0.056640625 0.052734375
0 0.6025390625 0.482421875 0.044921875 0.046875
0 0.6572265625 0.484375 0.056640625 0.05078125
0 0.7099609375 0.48828125 0.048828125 0.0390625
0 0.7626953125 0.486328125 0.056640625 0.05078125
