0 0.1494140625 0.162109375 0.287109375 0.23046875
0 0.44921875 0.162109375 0.296875 0.234375
0 0.736328125 0.1611328125 0.2421875 0.232421875
0 0.048828125 0.3291015625 0.09375 0.103515625
0 0.134765625 0.3447265625 0.0859375 0.076171875
0 0.2109375 0.3427734375 0.05859375 0.076171875
0 0.2822265625 0.3427734375 0.080078125 0.076171875
0 0.3642578125 0.3310546875 0.083984375 0.107421875
0 0.4501953125 0.3447265625 0.080078125 0.080078125
0 0.5185546875 0.3330078125 0.060546875 0.095703125
0 0.595703125 0.330078125 0.08203125 0.1015625
0 0.701171875 0.3271484375 0.0859375 0.099609375
0 0.8046875 0.3291015625 0.125 0.103515625
0 0.9228515625 0.3310546875 0.119140625 0.099609375
