0 0.4990234375 0.1328125 0.087890625 0.06640625
0 0.4951171875 0.1943359375 0.076171875 0.048828125
0 0.498046875 0.2548828125 0.078125 0.060546875
0 0.4970703125 0.3203125 0.083984375 0.0625
0 0.49609375 0.380859375 0.08984375 0.0625
0 0.49609375 0.4443359375 0.07421875 0.056640625
0 0.4970703125 0.50390625 0.072265625 0.0546875
0 0.4921875 0.5673828125 0.07421875 0.060546875
0 0.498046875 0.6298828125 0.078125 0.056640625
0 0.501953125 0.69140625 0.0625 0.05078125
0 0.498046875 0.7529296875 0.078125 0.056640625
