0 0.130859375 0.091796875 0.11328125 0.08984375
0 0.2568359375 0.0908203125 0.103515625 0.083984375
0 0.388671875 0.08984375 0.0859375 0.0859375
0 0.5048828125 0.087890625 0.087890625 0.08984375
0 0.1259765625 0.2509765625 0.123046875 0.083984375
0 0.2587890625 0.25390625 0.119140625 0.0703125
0 0.39453125 0.251953125 0.10546875 0.0859375
0 0.51953125 0.251953125 0.10546875 0.0859375
0 0.626953125 0.251953125 0.07421875 0.08984375
0 0.75 0.25 0.11328125 0.0859375
0 0.87109375 0.25 0.109375 0.0859375
0 0.130859375 0.416015625 0.11328125 0.08203125
0 0.255859375 0.416015625 0.08984375 0.08203125
0 0.39453125 0.4111328125 0.1328125 0.087890625
0 0.5205078125 0.4140625 0.099609375 0.08984375
0 0.6376953125 0.4150390625 0.087890625 0.091796875
