0 0.404296875 0.048828125 0.0703125 0.07421875
0 0.47265625 0.05078125 0.06640625 0.0703125
0 0.5751953125 0.052734375 0.134765625 0.08984375
0 0.701171875 0.052734375 0.12109375 0.078125
0 0.8115234375 0.0546875 0.091796875 0.0859375
0 0.916015625 0.056640625 0.1171875 0.06640625
0 0.3134765625 0.142578125 0.103515625 0.07421875
0 0.4052734375 0.13671875 0.111328125 0.07421875
0 0.501953125 0.1416015625 0.09765625 0.083984375
0 0.5986328125 0.1435546875 0.099609375 0.076171875
0 0.7041015625 0.1435546875 0.111328125 0.083984375
0 0.8154296875 0.14453125 0.111328125 0.0859375
0 0.9248046875 0.1474609375 0.107421875 0.083984375
