0 0.1103515625 0.103515625 0.064453125 0.06640625
0 0.1787109375 0.1083984375 0.048828125 0.052734375
0 0.2431640625 0.103515625 0.056640625 0.05859375
0 0.3115234375 0.1025390625 0.060546875 0.064453125
0 0.376953125 0.099609375 0.0625 0.06640625
0 0.4462890625 0.1044921875 0.060546875 0.060546875
0 0.5126953125 0.099609375 0.068359375 0.0703125
0 0.59375 0.0966796875 0.0703125 0.064453125
0 0.6630859375 0.0986328125 0.072265625 0.068359375
0 0.7333984375 0.0986328125 0.068359375 0.068359375
0 0.8134765625 0.099609375 0.064453125 0.05859375
0 0.880859375 0.0966796875 0.05859375 0.064453125
