0 0.2373046875 0.458984375 0.173828125 0.1328125
0 0.412109375 0.4599609375 0.17578125 0.134765625
0 0.5869140625 0.458984375 0.177734375 0.13671875
0 0.767578125 0.4599609375 0.18359375 0.138671875
0 0.1337890625 0.576171875 0.123046875 0.09375
0 0.2548828125 0.576171875 0.123046875 0.09375
0 0.375 0.5791015625 0.1171875 0.091796875
0 0.4931640625 0.5791015625 0.123046875 0.087890625
0 0.6142578125 0.5791015625 0.123046875 0.087890625
0 0.740234375 0.5810546875 0.12890625 0.091796875
0 0.8720703125 0.5810546875 0.134765625 0.091796875
