0 0.197265625 0.0869140625 0.08984375 0.060546875
0 0.1923828125 0.1494140625 0.087890625 0.064453125
0 0.1953125 0.21484375 0.09375 0.0625
0 0.1953125 0.2783203125 0.09375 0.064453125
0 0.1962890625 0.3369140625 0.064453125 0.056640625
0 0.2021484375 0.3935546875 0.076171875 0.056640625
0 0.1953125 0.447265625 0.08203125 0.05078125
0 0.1943359375 0.4990234375 0.080078125 0.048828125
0 0.1962890625 0.552734375 0.080078125 0.0546875
0 0.201171875 0.607421875 0.078125 0.05859375
0 0.1982421875 0.666015625 0.083984375 0.0546875
