0 0.205078125 0.0673828125 0.09765625 0.076171875
0 0.310546875 0.068359375 0.09375 0.078125
0 0.4150390625 0.068359375 0.099609375 0.078125
0 0.5302734375 0.0673828125 0.107421875 0.072265625
0 0.6484375 0.0693359375 0.11328125 0.087890625
0 0.767578125 0.068359375 0.11328125 0.08984375
0 0.08984375 0.1669921875 0.125 0.091796875
0 0.2109375 0.16796875 0.1171875 0.08984375
0 0.3251953125 0.16796875 0.091796875 0.0859375
0 0.43359375 0.1669921875 0.10546875 0.072265625
0 0.5400390625 0.16796875 0.099609375 0.08203125
0 0.658203125 0.16796875 0.12109375 0.08984375
0 0.7783203125 0.1689453125 0.115234375 0.083984375
0 0.8984375 0.169921875 0.11328125 0.08203125
