0 0.89453125 0.072265625 0.1171875 0.0625
0 0.896484375 0.13671875 0.1171875 0.06640625
0 0.892578125 0.1982421875 0.0703125 0.056640625
0 0.8935546875 0.25 0.091796875 0.05078125
0 0.890625 0.30859375 0.1171875 0.06640625
0 0.7509765625 0.068359375 0.111328125 0.0546875
0 0.7509765625 0.123046875 0.111328125 0.0546875
0 0.75 0.1826171875 0.11328125 0.060546875
0 0.751953125 0.2373046875 0.0859375 0.048828125
0 0.7490234375 0.2802734375 0.099609375 0.041015625
0 0.7490234375 0.373046875 0.080078125 0.046875
0 0.751953125 0.423828125 0.0859375 0.0546875
0 0.7451171875 0.4755859375 0.087890625 0.052734375
0 0.7470703125 0.5283203125 0.103515625 0.060546875
0 0.7431640625 0.5859375 0.095703125 0.0546875
0 0.744140625 0.6376953125 0.08984375 0.052734375
