0 0.0751953125 0.0537109375 0.048828125 0.029296875
0 0.1279296875 0.0537109375 0.060546875 0.033203125
0 0.1845703125 0.052734375 0.048828125 0.04296875
0 0.2373046875 0.052734375 0.060546875 0.04296875
0 0.2978515625 0.0517578125 0.060546875 0.033203125
0 0.3662109375 0.052734375 0.072265625 0.046875
0 0.435546875 0.05078125 0.06640625 0.046875
0 0.5048828125 0.0517578125 0.068359375 0.048828125
0 0.0947265625 0.146484375 0.087890625 0.1015625
0 0.18359375 0.1494140625 0.08984375 0.103515625
0 0.2705078125 0.150390625 0.080078125 0.08203125
0 0.361328125 0.1474609375 0.09765625 0.099609375
0 0.490234375 0.14453125 0.0859375 0.1015625
0 0.5654296875 0.1474609375 0.076171875 0.068359375
0 0.64453125 0.14453125 0.0859375 0.1015625
0 0.7333984375 0.146484375 0.083984375 0.09375
0 0.8134765625 0.146484375 0.060546875 0.08984375
0 0.8896484375 0.1455078125 0.083984375 0.099609375
0 0.091796875 0.244140625 0.0703125 0.046875
0 0.1611328125 0.244140625 0.060546875 0.04296875
0 0.2294921875 0.244140625 0.068359375 0.0546875
0 0.0830078125 0.306640625 0.044921875 0.03515625
0 0.1298828125 0.306640625 0.052734375 0.03515625
0 0.1806640625 0.3056640625 0.048828125 0.037109375
