0 0.4619140625 0.0673828125 0.123046875 0.119140625
0 0.6064453125 0.0625 0.166015625 0.12109375
0 0.759765625 0.0634765625 0.1328125 0.123046875
0 0.91015625 0.0693359375 0.1484375 0.107421875
0 0.4306640625 0.1513671875 0.052734375 0.033203125
0 0.521484375 0.1513671875 0.0546875 0.037109375
0 0.6103515625 0.150390625 0.044921875 0.03515625
0 0.7001953125 0.150390625 0.052734375 0.03515625
0 0.7900390625 0.1494140625 0.044921875 0.033203125
0 0.8798828125 0.1494140625 0.048828125 0.029296875
0 0.9638671875 0.1484375 0.029296875 0.03125
