0 0.1455078125 0.1455078125 0.064453125 0.123046875
0 0.2099609375 0.14453125 0.060546875 0.12109375
0 0.2734375 0.146484375 0.0625 0.125
0 0.337890625 0.146484375 0.06640625 0.125
0 0.1689453125 0.2841796875 0.091796875 0.056640625
0 0.2666015625 0.28515625 0.087890625 0.0546875
0 0.3642578125 0.28515625 0.099609375 0.05078125
0 0.16796875 0.34375 0.08984375 0.0546875
0 0.265625 0.3447265625 0.09375 0.052734375
0 0.357421875 0.3447265625 0.08984375 0.052734375
0 0.4404296875 0.345703125 0.068359375 0.0546875
0 0.5693359375 0.3095703125 0.201171875 0.126953125
0 0.77734375 0.31640625 0.2109375 0.12109375
0 0.3056640625 0.5009765625 0.349609375 0.197265625
0 0.6640625 0.5029296875 0.359375 0.205078125
0 0.2626953125 0.6982421875 0.240234375 0.177734375
0 0.5 0.6982421875 0.23046875 0.181640625
0 0.7314453125 0.701171875 0.228515625 0.1796875
