0 0.0888671875 0.2294921875 0.099609375 0.099609375
0 0.1884765625 0.228515625 0.072265625 0.09375
0 0.2744140625 0.23046875 0.076171875 0.0859375
0 0.36328125 0.2294921875 0.08984375 0.087890625
0 0.4560546875 0.228515625 0.091796875 0.08203125
0 0.552734375 0.232421875 0.09765625 0.08203125
0 0.6640625 0.232421875 0.11328125 0.08984375
0 0.7705078125 0.23046875 0.111328125 0.08984375
0 0.8759765625 0.2353515625 0.103515625 0.056640625
0 0.248046875 0.345703125 0.05078125 0.0859375
0 0.3037109375 0.3466796875 0.052734375 0.083984375
0 0.3671875 0.3447265625 0.0625 0.083984375
0 0.4453125 0.349609375 0.0859375 0.0703125
0 0.525390625 0.34765625 0.07421875 0.06640625
0 0.6064453125 0.34765625 0.080078125 0.08203125
0 0.705078125 0.34375 0.109375 0.08984375
