0 0.7451171875 0.1064453125 0.267578125 0.158203125
0 0.7431640625 0.2705078125 0.255859375 0.158203125
0 0.7421875 0.4248046875 0.21484375 0.134765625
0 0.7353515625 0.5498046875 0.208984375 0.107421875
0 0.5458984375 0.068359375 0.130859375 0.08203125
0 0.5263671875 0.1572265625 0.087890625 0.083984375
0 0.5341796875 0.244140625 0.134765625 0.0859375
0 0.5322265625 0.3251953125 0.130859375 0.072265625
0 0.5390625 0.4072265625 0.13671875 0.076171875
0 0.3818359375 0.068359375 0.142578125 0.08984375
0 0.3857421875 0.1552734375 0.099609375 0.080078125
0 0.380859375 0.2412109375 0.15234375 0.087890625
0 0.380859375 0.32421875 0.12109375 0.07421875
0 0.3779296875 0.4033203125 0.115234375 0.076171875
0 0.3759765625 0.4814453125 0.130859375 0.068359375
0 0.3779296875 0.5615234375 0.146484375 0.076171875
