0 0.0791015625 0.1279296875 0.068359375 0.048828125
0 0.150390625 0.1279296875 0.07421875 0.048828125
0 0.220703125 0.1279296875 0.06640625 0.044921875
0 0.2890625 0.126953125 0.0546875 0.046875
0 0.35546875 0.126953125 0.06640625 0.046875
0 0.4267578125 0.1259765625 0.068359375 0.044921875
0 0.494140625 0.126953125 0.06640625 0.04296875
0 0.0966796875 0.20703125 0.123046875 0.09765625
0 0.3291015625 0.20703125 0.087890625 0.09765625
0 0.416015625 0.2060546875 0.109375 0.083984375
0 0.517578125 0.2158203125 0.09765625 0.076171875
0 0.61328125 0.2080078125 0.08984375 0.091796875
0 0.7197265625 0.205078125 0.119140625 0.09375
0 0.841796875 0.20703125 0.125 0.08984375
0 0.0966796875 0.314453125 0.119140625 0.078125
0 0.2099609375 0.3115234375 0.095703125 0.095703125
0 0.3056640625 0.310546875 0.087890625 0.09765625
0 0.4208984375 0.3125 0.134765625 0.10546875
0 0.09765625 0.4208984375 0.12109375 0.095703125
0 0.2236328125 0.4189453125 0.119140625 0.091796875
0 0.3447265625 0.4169921875 0.119140625 0.091796875
0 0.4609375 0.41796875 0.1328125 0.1015625
