0 0.1455078125 0.2958984375 0.080078125 0.052734375
0 0.2314453125 0.294921875 0.072265625 0.0546875
0 0.3046875 0.2958984375 0.0703125 0.052734375
0 0.3818359375 0.2939453125 0.068359375 0.052734375
0 0.4638671875 0.2939453125 0.076171875 0.056640625
0 0.5419921875 0.2939453125 0.080078125 0.052734375
0 0.6240234375 0.2958984375 0.076171875 0.052734375
0 0.70703125 0.2939453125 0.06640625 0.052734375
0 0.783203125 0.294921875 0.078125 0.0546875
0 0.8642578125 0.296875 0.072265625 0.0546875
0 0.14453125 0.3564453125 0.078125 0.056640625
0 0.2236328125 0.3583984375 0.080078125 0.056640625
0 0.3056640625 0.357421875 0.072265625 0.0546875
0 0.3857421875 0.3564453125 0.080078125 0.056640625
0 0.4638671875 0.3564453125 0.080078125 0.056640625
0 0.54296875 0.3564453125 0.078125 0.052734375
0 0.6240234375 0.357421875 0.083984375 0.05859375
