0 0.1240234375 0.2177734375 0.080078125 0.052734375
0 0.1201171875 0.26171875 0.068359375 0.05078125
0 0.123046875 0.314453125 0.0625 0.0546875
0 0.12109375 0.369140625 0.07421875 0.0546875
0 0.1220703125 0.4228515625 0.083984375 0.056640625
0 0.123046875 0.48046875 0.0859375 0.05859375
0 0.044921875 0.2216796875 0.05859375 0.056640625
0 0.046875 0.2685546875 0.0703125 0.048828125
0 0.04296875 0.318359375 0.078125 0.046875
0 0.041015625 0.3701171875 0.078125 0.052734375
0 0.041015625 0.4208984375 0.078125 0.052734375
0 0.0419921875 0.5673828125 0.021484375 0.041015625
