0 0.1142578125 0.0673828125 0.193359375 0.130859375
0 0.3056640625 0.0673828125 0.193359375 0.126953125
0 0.076171875 0.1748046875 0.0859375 0.064453125
0 0.1630859375 0.173828125 0.087890625 0.0625
0 0.24609375 0.1748046875 0.07421875 0.056640625
0 0.0732421875 0.2392578125 0.080078125 0.056640625
0 0.146484375 0.2412109375 0.0703125 0.048828125
0 0.28125 0.2412109375 0.07421875 0.052734375
0 0.3466796875 0.2451171875 0.056640625 0.041015625
0 0.41015625 0.2392578125 0.078125 0.056640625
0 0.4931640625 0.2392578125 0.087890625 0.064453125
0 0.5810546875 0.240234375 0.091796875 0.0625
0 0.673828125 0.240234375 0.09375 0.06640625
0 0.0791015625 0.330078125 0.123046875 0.0859375
0 0.1689453125 0.3369140625 0.099609375 0.076171875
0 0.3876953125 0.3291015625 0.138671875 0.083984375
0 0.5205078125 0.3291015625 0.126953125 0.095703125
0 0.626953125 0.337890625 0.09765625 0.07421875
0 0.736328125 0.33203125 0.125 0.08984375
0 0.857421875 0.3291015625 0.125 0.095703125
