0 0.5537109375 0.0419921875 0.072265625 0.060546875
0 0.6123046875 0.048828125 0.048828125 0.046875
0 0.6552734375 0.048828125 0.037109375 0.04296875
0 0.69921875 0.04296875 0.046875 0.0625
0 0.7470703125 0.05078125 0.044921875 0.046875
0 0.7919921875 0.04296875 0.044921875 0.0625
0 0.84765625 0.0517578125 0.05078125 0.044921875
0 0.8984375 0.0546875 0.05078125 0.05078125
0 0.099609375 0.142578125 0.0859375 0.1171875
0 0.19140625 0.1435546875 0.08984375 0.103515625
0 0.2861328125 0.142578125 0.091796875 0.12890625
0 0.37890625 0.1494140625 0.08984375 0.119140625
0 0.5595703125 0.1474609375 0.083984375 0.126953125
0 0.6484375 0.146484375 0.09375 0.125
0 0.732421875 0.1572265625 0.0703125 0.095703125
0 0.8076171875 0.1552734375 0.076171875 0.103515625
0 0.8916015625 0.1455078125 0.091796875 0.126953125
0 0.1015625 0.2587890625 0.03515625 0.048828125
0 0.2021484375 0.2568359375 0.076171875 0.052734375
0 0.28125 0.2587890625 0.078125 0.056640625
0 0.357421875 0.2587890625 0.07421875 0.052734375
0 0.4345703125 0.2607421875 0.083984375 0.056640625
