0 0.068359375 0.150390625 0.1328125 0.1015625
0 0.1962890625 0.1484375 0.123046875 0.09765625
0 0.314453125 0.1474609375 0.1171875 0.095703125
0 0.4130859375 0.138671875 0.064453125 0.05078125
0 0.4892578125 0.1376953125 0.087890625 0.060546875
0 0.564453125 0.140625 0.06640625 0.05078125
0 0.4306640625 0.220703125 0.119140625 0.09765625
0 0.5556640625 0.220703125 0.130859375 0.09375
0 0.681640625 0.22265625 0.12890625 0.0859375
0 0.798828125 0.21875 0.125 0.09375
0 0.919921875 0.2197265625 0.12109375 0.095703125
