0 0.388671875 0.263671875 0.04296875 0.03515625
0 0.4384765625 0.2626953125 0.048828125 0.033203125
0 0.48828125 0.26171875 0.0546875 0.03515625
0 0.5390625 0.2626953125 0.05078125 0.029296875
0 0.587890625 0.2626953125 0.05078125 0.033203125
0 0.2919921875 0.349609375 0.083984375 0.05859375
0 0.3701171875 0.3486328125 0.076171875 0.052734375
0 0.44921875 0.349609375 0.05859375 0.05078125
0 0.533203125 0.3486328125 0.06640625 0.041015625
0 0.6123046875 0.34765625 0.072265625 0.05859375
0 0.6865234375 0.34765625 0.080078125 0.0546875
0 0.333984375 0.408203125 0.04296875 0.03125
0 0.375 0.4091796875 0.0390625 0.029296875
0 0.4130859375 0.408203125 0.037109375 0.02734375
0 0.453125 0.408203125 0.0390625 0.03125
0 0.490234375 0.408203125 0.0390625 0.02734375
0 0.52734375 0.4072265625 0.03515625 0.025390625
0 0.5654296875 0.408203125 0.041015625 0.02734375
0 0.6044921875 0.4072265625 0.033203125 0.025390625
0 0.6435546875 0.4091796875 0.048828125 0.025390625
