0 0.0908203125 0.0556640625 0.111328125 0.060546875
0 0.189453125 0.060546875 0.109375 0.07421875
0 0.375 0.0654296875 0.1171875 0.060546875
0 0.5361328125 0.060546875 0.119140625 0.0859375
0 0.6611328125 0.0615234375 0.126953125 0.083984375
0 0.8154296875 0.0615234375 0.123046875 0.076171875
0 0.9345703125 0.0625 0.119140625 0.08203125
0 0.0810546875 0.12890625 0.048828125 0.03515625
0 0.1279296875 0.1298828125 0.048828125 0.033203125
0 0.1748046875 0.1298828125 0.044921875 0.037109375
0 0.24609375 0.12890625 0.03515625 0.03515625
0 0.29296875 0.12890625 0.05078125 0.03515625
0 0.3427734375 0.1298828125 0.044921875 0.033203125
