0 0.236328125 0.1455078125 0.0859375 0.083984375
0 0.3408203125 0.1435546875 0.064453125 0.076171875
0 0.44140625 0.142578125 0.09375 0.07421875
0 0.5419921875 0.1455078125 0.087890625 0.072265625
0 0.6494140625 0.142578125 0.099609375 0.08203125
0 0.7529296875 0.14453125 0.076171875 0.078125
0 0.0869140625 0.2939453125 0.169921875 0.162109375
0 0.396484375 0.291015625 0.1796875 0.1640625
0 0.5888671875 0.2880859375 0.205078125 0.162109375
0 0.91015625 0.287109375 0.17578125 0.16015625
0 0.2890625 0.4130859375 0.05859375 0.048828125
0 0.4033203125 0.4111328125 0.060546875 0.044921875
0 0.462890625 0.408203125 0.0625 0.0390625
0 0.5771484375 0.4091796875 0.056640625 0.048828125
0 0.650390625 0.408203125 0.0546875 0.046875
0 0.70703125 0.4111328125 0.0625 0.044921875
0 0.767578125 0.408203125 0.05078125 0.046875
0 0.8740234375 0.408203125 0.060546875 0.05078125
0 0.943359375 0.408203125 0.046875 0.05078125
