0 0.1083984375 0.12890625 0.099609375 0.12890625
0 0.208984375 0.12890625 0.1015625 0.125
0 0.30859375 0.12890625 0.1015625 0.12109375
0 0.4072265625 0.130859375 0.099609375 0.12890625
0 0.5078125 0.1318359375 0.1015625 0.123046875
0 0.6083984375 0.1318359375 0.099609375 0.126953125
0 0.7080078125 0.1318359375 0.099609375 0.123046875
0 0.80859375 0.1328125 0.1015625 0.125
0 0.91015625 0.1357421875 0.1015625 0.126953125
0 0.1259765625 0.2509765625 0.123046875 0.107421875
0 0.2451171875 0.25 0.119140625 0.109375
0 0.416015625 0.251953125 0.12109375 0.11328125
0 0.537109375 0.25390625 0.1171875 0.109375
0 0.6533203125 0.2548828125 0.115234375 0.107421875
0 0.7705078125 0.255859375 0.119140625 0.109375
0 0.8896484375 0.255859375 0.123046875 0.109375
