0 0.2763671875 0.2939453125 0.091796875 0.064453125
0 0.3662109375 0.294921875 0.091796875 0.06640625
0 0.4521484375 0.2958984375 0.076171875 0.064453125
0 0.53515625 0.2958984375 0.08984375 0.068359375
0 0.623046875 0.294921875 0.08984375 0.0625
0 0.71875 0.2978515625 0.09375 0.060546875
0 0.3701171875 0.3701171875 0.083984375 0.060546875
0 0.4619140625 0.369140625 0.080078125 0.05859375
0 0.541015625 0.3759765625 0.07421875 0.052734375
0 0.6259765625 0.3681640625 0.083984375 0.064453125
0 0.2431640625 0.4443359375 0.087890625 0.064453125
0 0.32421875 0.4443359375 0.07421875 0.060546875
0 0.412109375 0.44140625 0.09375 0.0546875
0 0.5966796875 0.443359375 0.083984375 0.0625
0 0.6728515625 0.4501953125 0.068359375 0.048828125
0 0.75390625 0.4462890625 0.0859375 0.056640625
