0 0.12109375 0.1513671875 0.13671875 0.103515625
0 0.25 0.15234375 0.12109375 0.1015625
0 0.375 0.15234375 0.125 0.1015625
0 0.4970703125 0.1533203125 0.119140625 0.103515625
0 0.61328125 0.154296875 0.10546875 0.1015625
0 0.7197265625 0.154296875 0.107421875 0.1015625
0 0.8349609375 0.15234375 0.087890625 0.10546875
0 0.91796875 0.15625 0.0625 0.1015625
0 0.4033203125 0.24609375 0.056640625 0.046875
0 0.455078125 0.25390625 0.04296875 0.03515625
0 0.5048828125 0.25 0.052734375 0.046875
0 0.55859375 0.25 0.0546875 0.04296875
0 0.609375 0.2548828125 0.04296875 0.033203125
0 0.6591796875 0.248046875 0.056640625 0.046875
0 0.75390625 0.25 0.04296875 0.046875
0 0.806640625 0.25 0.05078125 0.046875
0 0.865234375 0.25 0.0625 0.046875
0 0.9169921875 0.251953125 0.041015625 0.046875
