0 0.1025390625 0.0732421875 0.095703125 0.076171875
0 0.1767578125 0.08203125 0.072265625 0.05859375
0 0.2705078125 0.0712890625 0.095703125 0.072265625
0 0.36328125 0.072265625 0.08984375 0.0703125
0 0.455078125 0.0751953125 0.09765625 0.068359375
0 0.560546875 0.0751953125 0.10546875 0.076171875
0 0.6689453125 0.0751953125 0.107421875 0.076171875
0 0.7744140625 0.07421875 0.107421875 0.07421875
0 0.880859375 0.0751953125 0.10546875 0.072265625
0 0.3037109375 0.4365234375 0.142578125 0.201171875
0 0.4462890625 0.4375 0.060546875 0.203125
0 0.5830078125 0.4365234375 0.142578125 0.205078125
0 0.7265625 0.4375 0.0546875 0.203125
0 0.3046875 0.6640625 0.1484375 0.1953125
0 0.490234375 0.6650390625 0.1484375 0.201171875
0 0.69140625 0.666015625 0.11328125 0.203125
