0 0.0732421875 0.1259765625 0.134765625 0.095703125
0 0.2177734375 0.1279296875 0.138671875 0.099609375
0 0.3515625 0.1259765625 0.12890625 0.095703125
0 0.4814453125 0.1298828125 0.130859375 0.091796875
0 0.62109375 0.12890625 0.13671875 0.09375
0 0.7587890625 0.126953125 0.107421875 0.09765625
0 0.0771484375 0.2265625 0.130859375 0.09375
0 0.2138671875 0.2236328125 0.130859375 0.091796875
0 0.3525390625 0.2275390625 0.130859375 0.095703125
0 0.484375 0.2255859375 0.125 0.099609375
0 0.625 0.2216796875 0.1328125 0.091796875
0 0.7490234375 0.2265625 0.107421875 0.09375
