0 0.12109375 0.0888671875 0.140625 0.103515625
0 0.265625 0.087890625 0.140625 0.08984375
0 0.4052734375 0.087890625 0.123046875 0.1015625
0 0.53515625 0.0908203125 0.12890625 0.107421875
0 0.666015625 0.0888671875 0.1171875 0.099609375
0 0.787109375 0.0908203125 0.12109375 0.087890625
0 0.078125 0.1826171875 0.0390625 0.029296875
0 0.1650390625 0.181640625 0.037109375 0.02734375
0 0.216796875 0.1845703125 0.05078125 0.037109375
0 0.078125 0.2392578125 0.05078125 0.041015625
0 0.12890625 0.23828125 0.05078125 0.0390625
0 0.1796875 0.2392578125 0.046875 0.041015625
0 0.2294921875 0.240234375 0.052734375 0.0390625
0 0.2861328125 0.2392578125 0.056640625 0.041015625
