0 0.228515625 0.0888671875 0.1640625 0.087890625
0 0.4130859375 0.08984375 0.134765625 0.08203125
0 0.5966796875 0.08984375 0.166015625 0.08984375
0 0.787109375 0.0908203125 0.1640625 0.080078125
0 0.2939453125 0.1845703125 0.052734375 0.037109375
0 0.3466796875 0.1845703125 0.052734375 0.037109375
0 0.400390625 0.185546875 0.046875 0.03125
0 0.4580078125 0.1845703125 0.056640625 0.037109375
0 0.5634765625 0.185546875 0.048828125 0.03125
0 0.619140625 0.185546875 0.05078125 0.0390625
0 0.673828125 0.1865234375 0.046875 0.033203125
0 0.7275390625 0.1865234375 0.052734375 0.037109375
