0 0.080078125 0.0947265625 0.03515625 0.025390625
0 0.1181640625 0.09375 0.033203125 0.02734375
0 0.1572265625 0.0947265625 0.033203125 0.025390625
0 0.1962890625 0.095703125 0.037109375 0.02734375
0 0.2353515625 0.09375 0.033203125 0.0234375
0 0.275390625 0.09375 0.03515625 0.0234375
0 0.1044921875 0.150390625 0.115234375 0.07421875
0 0.2265625 0.1494140625 0.1015625 0.072265625
0 0.33203125 0.1494140625 0.11328125 0.072265625
0 0.4404296875 0.1494140625 0.068359375 0.068359375
0 0.5009765625 0.150390625 0.021484375 0.0703125
0 0.552734375 0.1513671875 0.046875 0.072265625
0 0.62109375 0.1591796875 0.06640625 0.056640625
