0 0.1279296875 0.1337890625 0.130859375 0.115234375
0 0.271484375 0.140625 0.14453125 0.10546875
0 0.427734375 0.1357421875 0.15234375 0.126953125
0 0.5810546875 0.13671875 0.154296875 0.1171875
0 0.7353515625 0.1357421875 0.150390625 0.115234375
0 0.8798828125 0.11328125 0.099609375 0.0625
0 0.8779296875 0.169921875 0.099609375 0.0546875
0 0.193359375 0.275390625 0.16015625 0.125
0 0.3486328125 0.2744140625 0.154296875 0.123046875
0 0.50390625 0.2744140625 0.15234375 0.123046875
0 0.6611328125 0.2734375 0.154296875 0.12109375
0 0.8154296875 0.275390625 0.154296875 0.125
0 0.306640625 0.3916015625 0.078125 0.056640625
0 0.384765625 0.390625 0.07421875 0.05859375
0 0.46484375 0.3896484375 0.03515625 0.056640625
0 0.5146484375 0.3916015625 0.064453125 0.056640625
0 0.6044921875 0.3916015625 0.076171875 0.056640625
0 0.6787109375 0.388671875 0.072265625 0.0546875
