0 0.0869140625 0.560546875 0.107421875 0.0703125
0 0.185546875 0.5693359375 0.09375 0.060546875
0 0.2822265625 0.5595703125 0.099609375 0.064453125
0 0.380859375 0.5595703125 0.125 0.064453125
0 0.4921875 0.5625 0.1015625 0.0703125
0 0.60546875 0.564453125 0.1171875 0.06640625
0 0.7216796875 0.5625 0.115234375 0.0703125
0 0.8193359375 0.5615234375 0.103515625 0.068359375
0 0.916015625 0.5634765625 0.08203125 0.068359375
0 0.158203125 0.626953125 0.05859375 0.03515625
0 0.2197265625 0.6279296875 0.056640625 0.037109375
0 0.279296875 0.62890625 0.05859375 0.0390625
0 0.3349609375 0.6279296875 0.052734375 0.037109375
0 0.390625 0.6279296875 0.05859375 0.037109375
0 0.451171875 0.6279296875 0.0625 0.037109375
0 0.51171875 0.6279296875 0.0625 0.041015625
0 0.599609375 0.62890625 0.0625 0.0390625
0 0.6650390625 0.6279296875 0.068359375 0.037109375
0 0.7119140625 0.62890625 0.025390625 0.0390625
0 0.759765625 0.6279296875 0.0625 0.037109375
0 0.818359375 0.62890625 0.05859375 0.0390625
