0 0.390625 0.2685546875 0.0546875 0.033203125
0 0.4423828125 0.2705078125 0.048828125 0.037109375
0 0.4912109375 0.2685546875 0.048828125 0.037109375
0 0.5390625 0.267578125 0.046875 0.03515625
0 0.591796875 0.267578125 0.05078125 0.03515625
0 0.3701171875 0.34375 0.076171875 0.0546875
0 0.451171875 0.3427734375 0.078125 0.052734375
0 0.5302734375 0.3447265625 0.068359375 0.041015625
0 0.6103515625 0.341796875 0.080078125 0.0546875
0 0.33203125 0.3935546875 0.04296875 0.033203125
0 0.373046875 0.39453125 0.03515625 0.03125
0 0.412109375 0.3935546875 0.0390625 0.029296875
0 0.4521484375 0.3916015625 0.041015625 0.029296875
0 0.4921875 0.3935546875 0.0390625 0.029296875
0 0.5302734375 0.392578125 0.041015625 0.02734375
0 0.5693359375 0.3916015625 0.041015625 0.029296875
0 0.609375 0.392578125 0.04296875 0.03125
0 0.6484375 0.392578125 0.0390625 0.03125
