0 0.7607421875 0.099609375 0.248046875 0.1640625
0 0.7607421875 0.2666015625 0.240234375 0.166015625
0 0.7607421875 0.43359375 0.248046875 0.16015625
0 0.7578125 0.599609375 0.25 0.1640625
0 0.552734375 0.068359375 0.19140625 0.1328125
0 0.5390625 0.1865234375 0.1640625 0.103515625
0 0.546875 0.3037109375 0.17578125 0.130859375
0 0.548828125 0.3935546875 0.08984375 0.052734375
0 0.5390625 0.4892578125 0.1640625 0.126953125
0 0.5576171875 0.62109375 0.123046875 0.12890625
0 0.3369140625 0.0439453125 0.087890625 0.072265625
0 0.3349609375 0.1484375 0.193359375 0.125
0 0.33984375 0.2802734375 0.1796875 0.134765625
