0 0.41015625 0.08203125 0.0234375 0.03515625
0 0.43359375 0.0849609375 0.0234375 0.029296875
0 0.458984375 0.0830078125 0.02734375 0.041015625
0 0.4814453125 0.0849609375 0.017578125 0.037109375
0 0.5283203125 0.0810546875 0.025390625 0.037109375
0 0.5546875 0.0810546875 0.02734375 0.037109375
0 0.60546875 0.0810546875 0.0234375 0.044921875
0 0.181640625 0.16796875 0.05078125 0.0703125
0 0.287109375 0.1640625 0.04296875 0.078125
0 0.3935546875 0.16796875 0.056640625 0.0703125
0 0.4453125 0.1669921875 0.05078125 0.072265625
0 0.4970703125 0.16796875 0.056640625 0.07421875
0 0.5478515625 0.16796875 0.041015625 0.07421875
0 0.5966796875 0.16796875 0.052734375 0.07421875
0 0.6513671875 0.1669921875 0.056640625 0.072265625
0 0.7578125 0.1689453125 0.05078125 0.076171875
0 0.806640625 0.16796875 0.046875 0.07421875
0 0.8603515625 0.16796875 0.056640625 0.07421875
