0 0.103515625 0.0693359375 0.09375 0.056640625
0 0.2197265625 0.0703125 0.076171875 0.046875
0 0.337890625 0.0712890625 0.1015625 0.068359375
0 0.07421875 0.1162109375 0.03515625 0.041015625
0 0.1171875 0.1162109375 0.03515625 0.041015625
0 0.16015625 0.12109375 0.04296875 0.0234375
0 0.203125 0.1162109375 0.04296875 0.041015625
0 0.248046875 0.1220703125 0.0390625 0.025390625
0 0.296875 0.1220703125 0.0546875 0.025390625
0 0.33984375 0.123046875 0.03125 0.02734375
0 0.3974609375 0.1220703125 0.041015625 0.025390625
0 0.431640625 0.115234375 0.0234375 0.0390625
0 0.4736328125 0.1171875 0.025390625 0.03125
0 0.5068359375 0.115234375 0.033203125 0.0390625
0 0.548828125 0.1220703125 0.04296875 0.025390625
0 0.6181640625 0.1171875 0.068359375 0.0390625
0 0.6611328125 0.1171875 0.017578125 0.0390625
0 0.69140625 0.123046875 0.03515625 0.0234375
0 0.734375 0.1162109375 0.04296875 0.041015625
