0 0.0654296875 0.064453125 0.087890625 0.0859375
0 0.166015625 0.06640625 0.109375 0.0859375
0 0.2626953125 0.0703125 0.080078125 0.06640625
0 0.0615234375 0.150390625 0.099609375 0.078125
0 0.158203125 0.14453125 0.09375 0.08203125
0 0.3388671875 0.15625 0.115234375 0.07421875
0 0.439453125 0.16015625 0.0859375 0.07421875
0 0.5205078125 0.158203125 0.068359375 0.06640625
0 0.0966796875 0.25390625 0.173828125 0.11328125
0 0.2734375 0.25 0.1796875 0.109375
0 0.4462890625 0.2509765625 0.173828125 0.107421875
0 0.0927734375 0.3671875 0.177734375 0.11328125
0 0.2666015625 0.3671875 0.166015625 0.1171875
0 0.4423828125 0.3671875 0.177734375 0.11328125
0 0.6171875 0.3662109375 0.171875 0.111328125
0 0.7919921875 0.3662109375 0.177734375 0.115234375
0 0.0966796875 0.482421875 0.173828125 0.11328125
0 0.255859375 0.4873046875 0.13671875 0.095703125
0 0.4111328125 0.482421875 0.177734375 0.11328125
0 0.3662109375 0.6025390625 0.130859375 0.103515625
0 0.486328125 0.6025390625 0.109375 0.091796875
0 0.6064453125 0.6044921875 0.126953125 0.095703125
0 0.7265625 0.599609375 0.1171875 0.09375
0 0.8359375 0.6005859375 0.109375 0.095703125
0 0.9423828125 0.6025390625 0.095703125 0.099609375
