0 0.0830078125 0.171875 0.091796875 0.20703125
0 0.232421875 0.173828125 0.16796875 0.20703125
0 0.4501953125 0.171875 0.236328125 0.2109375
0 0.69140625 0.1796875 0.22265625 0.20703125
0 0.8916015625 0.21875 0.154296875 0.125
0 0.1181640625 0.4482421875 0.193359375 0.208984375
0 0.30859375 0.44921875 0.19140625 0.21484375
0 0.4970703125 0.4541015625 0.173828125 0.212890625
0 0.6845703125 0.451171875 0.185546875 0.20703125
0 0.873046875 0.4501953125 0.1953125 0.212890625
0 0.3759765625 0.689453125 0.033203125 0.02734375
0 0.41015625 0.6904296875 0.03125 0.029296875
0 0.4482421875 0.681640625 0.060546875 0.09375
0 0.5205078125 0.68359375 0.080078125 0.09375
0 0.5791015625 0.69140625 0.037109375 0.02734375
0 0.61328125 0.69140625 0.03515625 0.02734375
