0 0.2490234375 0.0537109375 0.091796875 0.099609375
0 0.318359375 0.0537109375 0.046875 0.095703125
0 0.3916015625 0.0654296875 0.099609375 0.068359375
0 0.4853515625 0.052734375 0.087890625 0.1015625
0 0.5693359375 0.06640625 0.083984375 0.0703125
0 0.6494140625 0.0673828125 0.076171875 0.068359375
0 0.724609375 0.076171875 0.08984375 0.05078125
0 0.873046875 0.0703125 0.19140625 0.13671875
0 0.8681640625 0.193359375 0.123046875 0.11328125
0 0.86328125 0.318359375 0.1171875 0.1328125
0 0.87109375 0.462890625 0.2109375 0.14453125
