0 0.26953125 0.11328125 0.0390625 0.02734375
0 0.3076171875 0.1142578125 0.025390625 0.029296875
0 0.345703125 0.11328125 0.04296875 0.02734375
0 0.3876953125 0.11328125 0.044921875 0.02734375
0 0.4287109375 0.111328125 0.033203125 0.0234375
0 0.46875 0.111328125 0.046875 0.0234375
0 0.2919921875 0.1640625 0.087890625 0.0546875
0 0.3818359375 0.162109375 0.087890625 0.05859375
0 0.46875 0.1650390625 0.0703125 0.048828125
0 0.537109375 0.162109375 0.0625 0.046875
0 0.6015625 0.162109375 0.0703125 0.04296875
0 0.634765625 0.16796875 0.03515625 0.0390625
0 0.765625 0.162109375 0.0625 0.046875
0 0.810546875 0.1708984375 0.05078125 0.029296875
0 0.6845703125 0.21484375 0.072265625 0.046875
0 0.763671875 0.2158203125 0.08984375 0.052734375
0 0.8388671875 0.21484375 0.064453125 0.046875
