0 0.103515625 0.06640625 0.16015625 0.109375
0 0.1025390625 0.1806640625 0.169921875 0.111328125
0 0.1025390625 0.2890625 0.162109375 0.109375
0 0.099609375 0.392578125 0.12890625 0.09765625
0 0.10546875 0.498046875 0.1640625 0.11328125
0 0.2646484375 0.4990234375 0.166015625 0.115234375
0 0.4228515625 0.5 0.166015625 0.11328125
0 0.5908203125 0.498046875 0.166015625 0.109375
0 0.7392578125 0.501953125 0.146484375 0.08984375
0 0.099609375 0.6455078125 0.16796875 0.115234375
0 0.236328125 0.64453125 0.15625 0.1171875
0 0.3798828125 0.6435546875 0.126953125 0.111328125
0 0.525390625 0.646484375 0.16015625 0.1171875
0 0.7021484375 0.646484375 0.169921875 0.125
0 0.87890625 0.64453125 0.1796875 0.125
