0 0.130859375 0.0791015625 0.06640625 0.052734375
0 0.208984375 0.0791015625 0.07421875 0.052734375
0 0.2685546875 0.0771484375 0.029296875 0.048828125
0 0.3076171875 0.0771484375 0.041015625 0.048828125
0 0.376953125 0.076171875 0.0703125 0.05078125
0 0.45703125 0.0771484375 0.07421875 0.052734375
0 0.54296875 0.078125 0.07421875 0.0546875
0 0.12109375 0.1337890625 0.0546875 0.041015625
0 0.1748046875 0.1337890625 0.056640625 0.037109375
0 0.23046875 0.1328125 0.0546875 0.0390625
0 0.287109375 0.1328125 0.0546875 0.03515625
0 0.3388671875 0.1328125 0.052734375 0.0390625
0 0.39453125 0.1328125 0.0546875 0.0390625
0 0.4501953125 0.1318359375 0.056640625 0.041015625
0 0.50390625 0.130859375 0.0546875 0.0390625
0 0.560546875 0.1318359375 0.05859375 0.041015625
0 0.13671875 0.193359375 0.08984375 0.0703125
0 0.2265625 0.193359375 0.0859375 0.0703125
0 0.3134765625 0.193359375 0.087890625 0.0703125
0 0.4013671875 0.1943359375 0.091796875 0.076171875
0 0.4921875 0.19140625 0.08984375 0.07421875
0 0.5849609375 0.1923828125 0.091796875 0.072265625
0 0.67578125 0.19140625 0.09375 0.07421875
0 0.7666015625 0.19140625 0.091796875 0.07421875
0 0.8583984375 0.19140625 0.091796875 0.07421875
