0 0.0966796875 0.1669921875 0.130859375 0.134765625
0 0.2255859375 0.16796875 0.126953125 0.1328125
0 0.3544921875 0.166015625 0.126953125 0.1328125
0 0.4814453125 0.166015625 0.119140625 0.13671875
0 0.609375 0.1669921875 0.12890625 0.134765625
0 0.2587890625 0.2705078125 0.052734375 0.041015625
0 0.3076171875 0.271484375 0.048828125 0.04296875
0 0.35546875 0.2724609375 0.0390625 0.041015625
0 0.447265625 0.2724609375 0.06640625 0.056640625
0 0.5166015625 0.2744140625 0.072265625 0.056640625
0 0.1044921875 0.353515625 0.130859375 0.10546875
0 0.2314453125 0.3564453125 0.126953125 0.103515625
0 0.3564453125 0.3544921875 0.083984375 0.103515625
0 0.435546875 0.35546875 0.078125 0.10546875
0 0.515625 0.3564453125 0.07421875 0.103515625
0 0.58984375 0.3564453125 0.078125 0.103515625
0 0.6728515625 0.357421875 0.083984375 0.10546875
0 0.23828125 0.46484375 0.05078125 0.04296875
0 0.2861328125 0.4638671875 0.048828125 0.044921875
0 0.3388671875 0.4638671875 0.052734375 0.044921875
0 0.4296875 0.4609375 0.0234375 0.03515625
0 0.46875 0.4638671875 0.04296875 0.037109375
0 0.5166015625 0.4638671875 0.052734375 0.044921875
