0 0.150390625 0.078125 0.15234375 0.10546875
0 0.2841796875 0.0771484375 0.107421875 0.095703125
0 0.416015625 0.0751953125 0.14453125 0.099609375
0 0.564453125 0.076171875 0.15234375 0.1015625
0 0.701171875 0.076171875 0.12109375 0.09375
0 0.83984375 0.0703125 0.14453125 0.09765625
0 0.1103515625 0.1884765625 0.142578125 0.095703125
0 0.25390625 0.1904296875 0.140625 0.095703125
0 0.375 0.185546875 0.140625 0.1015625
0 0.49609375 0.1875 0.140625 0.09375
0 0.6220703125 0.1865234375 0.123046875 0.099609375
0 0.736328125 0.1884765625 0.13671875 0.095703125
0 0.861328125 0.1884765625 0.14453125 0.091796875
