0 0.1298828125 0.5703125 0.087890625 0.09765625
0 0.20703125 0.5732421875 0.0703125 0.099609375
0 0.279296875 0.5751953125 0.08203125 0.099609375
0 0.353515625 0.5732421875 0.0703125 0.095703125
0 0.4296875 0.5751953125 0.0859375 0.095703125
0 0.5283203125 0.57421875 0.099609375 0.08984375
0 0.6220703125 0.572265625 0.083984375 0.0859375
0 0.69921875 0.5751953125 0.0703125 0.083984375
0 0.76953125 0.57421875 0.05859375 0.1015625
0 0.8408203125 0.576171875 0.083984375 0.09765625
0 0.9248046875 0.57421875 0.083984375 0.08984375
