0 0.42578125 0.2529296875 0.06640625 0.044921875
0 0.5 0.255859375 0.06640625 0.046875
0 0.5654296875 0.2548828125 0.056640625 0.041015625
0 0.1826171875 0.3134765625 0.130859375 0.068359375
0 0.3095703125 0.314453125 0.126953125 0.0703125
0 0.43359375 0.314453125 0.1171875 0.06640625
0 0.5517578125 0.3134765625 0.123046875 0.068359375
0 0.6787109375 0.3154296875 0.126953125 0.072265625
0 0.8017578125 0.31640625 0.123046875 0.0703125
0 0.431640625 0.3896484375 0.12109375 0.072265625
0 0.5537109375 0.3896484375 0.126953125 0.076171875
