0 0.716796875 0.1083984375 0.1171875 0.123046875
0 0.818359375 0.1103515625 0.0859375 0.126953125
0 0.759765625 0.251953125 0.203125 0.140625
0 0.759765625 0.400390625 0.21875 0.140625
0 0.5576171875 0.083984375 0.087890625 0.078125
0 0.5595703125 0.158203125 0.123046875 0.078125
0 0.560546875 0.23828125 0.1171875 0.08203125
0 0.5703125 0.3134765625 0.11328125 0.080078125
0 0.5546875 0.396484375 0.08203125 0.0859375
0 0.5625 0.478515625 0.12890625 0.08203125
0 0.55859375 0.5556640625 0.09765625 0.072265625
0 0.564453125 0.6279296875 0.125 0.072265625
