0 0.0732421875 0.0517578125 0.123046875 0.087890625
0 0.2060546875 0.05078125 0.115234375 0.08203125
0 0.3349609375 0.05078125 0.115234375 0.08203125
0 0.4599609375 0.05078125 0.107421875 0.078125
0 0.591796875 0.05078125 0.125 0.0859375
0 0.7255859375 0.052734375 0.115234375 0.08203125
0 0.0712890625 0.1982421875 0.126953125 0.083984375
0 0.2080078125 0.1953125 0.111328125 0.078125
0 0.3369140625 0.1953125 0.111328125 0.08203125
0 0.466796875 0.197265625 0.12109375 0.078125
0 0.5947265625 0.1943359375 0.119140625 0.076171875
0 0.724609375 0.197265625 0.125 0.08203125
0 0.853515625 0.197265625 0.11328125 0.0859375
