0 0.2724609375 0.123046875 0.037109375 0.02734375
0 0.3056640625 0.1240234375 0.033203125 0.025390625
0 0.337890625 0.1240234375 0.03515625 0.025390625
0 0.41015625 0.123046875 0.04296875 0.02734375
0 0.44921875 0.123046875 0.03515625 0.02734375
0 0.4833984375 0.125 0.037109375 0.0234375
0 0.3681640625 0.1484375 0.037109375 0.0234375
0 0.4072265625 0.1494140625 0.037109375 0.025390625
0 0.443359375 0.146484375 0.03515625 0.01953125
0 0.4814453125 0.1494140625 0.033203125 0.025390625
0 0.5654296875 0.23046875 0.037109375 0.03515625
0 0.615234375 0.23046875 0.046875 0.0390625
0 0.6611328125 0.2314453125 0.048828125 0.033203125
0 0.7578125 0.23046875 0.046875 0.0390625
0 0.806640625 0.2353515625 0.04296875 0.033203125
0 0.85546875 0.2314453125 0.046875 0.037109375
