0 0.0673828125 0.0673828125 0.115234375 0.076171875
0 0.18359375 0.0693359375 0.1015625 0.068359375
0 0.296875 0.0693359375 0.10546875 0.068359375
0 0.4130859375 0.0712890625 0.111328125 0.076171875
0 0.5263671875 0.0712890625 0.107421875 0.064453125
0 0.44921875 0.1591796875 0.09375 0.064453125
0 0.5556640625 0.158203125 0.095703125 0.0703125
0 0.6552734375 0.162109375 0.091796875 0.0625
0 0.7529296875 0.162109375 0.083984375 0.05859375
0 0.85546875 0.171875 0.07421875 0.05078125
0 0.955078125 0.1669921875 0.0859375 0.064453125
