0 0.8583984375 0.05078125 0.107421875 0.0703125
0 0.8125 0.1259765625 0.109375 0.076171875
0 0.78125 0.193359375 0.08203125 0.0546875
0 0.7939453125 0.2578125 0.107421875 0.07421875
0 0.8583984375 0.30078125 0.091796875 0.06640625
0 0.8349609375 0.361328125 0.099609375 0.05859375
0 0.8466796875 0.4208984375 0.103515625 0.072265625
0 0.90234375 0.47265625 0.08203125 0.0703125
0 0.70703125 0.455078125 0.02734375 0.0390625
0 0.73828125 0.455078125 0.03515625 0.0390625
0 0.7744140625 0.455078125 0.041015625 0.0390625
