0 0.890625 0.0673828125 0.1484375 0.091796875
0 0.8935546875 0.169921875 0.130859375 0.08203125
0 0.8935546875 0.26953125 0.111328125 0.0859375
0 0.888671875 0.3759765625 0.15234375 0.087890625
0 0.890625 0.48046875 0.140625 0.09375
0 0.8876953125 0.58203125 0.134765625 0.0859375
0 0.8876953125 0.6875 0.146484375 0.08984375
0 0.6923828125 0.271484375 0.107421875 0.09375
0 0.6943359375 0.376953125 0.134765625 0.0703125
0 0.697265625 0.482421875 0.12890625 0.08203125
0 0.6884765625 0.583984375 0.134765625 0.08203125
0 0.69140625 0.6884765625 0.12890625 0.083984375
0 0.6904296875 0.791015625 0.138671875 0.08984375
