0 0.123046875 0.4775390625 0.1328125 0.072265625
0 0.216796875 0.4794921875 0.0703125 0.068359375
0 0.298828125 0.4755859375 0.078125 0.060546875
0 0.3857421875 0.4765625 0.091796875 0.07421875
0 0.470703125 0.4765625 0.06640625 0.0625
0 0.55859375 0.4833984375 0.09765625 0.083984375
0 0.646484375 0.4755859375 0.08203125 0.056640625
0 0.73046875 0.4765625 0.0859375 0.0546875
0 0.80859375 0.4736328125 0.05859375 0.072265625
0 0.892578125 0.4755859375 0.109375 0.072265625
0 0.67578125 0.5615234375 0.0546875 0.041015625
0 0.734375 0.5615234375 0.06640625 0.041015625
0 0.796875 0.560546875 0.05078125 0.0390625
0 0.85546875 0.5615234375 0.05078125 0.041015625
0 0.9208984375 0.5595703125 0.060546875 0.044921875
