0 0.2998046875 0.0244140625 0.064453125 0.033203125
0 0.4287109375 0.0263671875 0.076171875 0.029296875
0 0.5 0.0244140625 0.0546875 0.037109375
0 0.5673828125 0.0244140625 0.072265625 0.037109375
0 0.6298828125 0.0263671875 0.052734375 0.037109375
0 0.69140625 0.0263671875 0.05078125 0.037109375
0 0.8916015625 0.3203125 0.130859375 0.07421875
0 0.89453125 0.4638671875 0.13671875 0.064453125
0 0.9033203125 0.5302734375 0.095703125 0.072265625
0 0.896484375 0.6025390625 0.12890625 0.064453125
0 0.8935546875 0.67578125 0.103515625 0.0703125
0 0.8935546875 0.7490234375 0.134765625 0.068359375
