0 0.7509765625 0.08203125 0.169921875 0.109375
0 0.7529296875 0.1728515625 0.126953125 0.076171875
0 0.75 0.2646484375 0.1484375 0.103515625
0 0.75390625 0.3642578125 0.11328125 0.095703125
0 0.7470703125 0.4638671875 0.173828125 0.107421875
0 0.748046875 0.5537109375 0.13671875 0.091796875
0 0.7470703125 0.6376953125 0.138671875 0.087890625
0 0.5908203125 0.158203125 0.162109375 0.11328125
0 0.591796875 0.2666015625 0.1640625 0.111328125
0 0.6064453125 0.3642578125 0.134765625 0.087890625
0 0.58984375 0.4599609375 0.1640625 0.107421875
0 0.587890625 0.5498046875 0.09375 0.091796875
0 0.5869140625 0.6357421875 0.107421875 0.087890625
