0 0.435546875 0.255859375 0.078125 0.04296875
0 0.51171875 0.2568359375 0.0703125 0.044921875
0 0.5771484375 0.2578125 0.052734375 0.0390625
0 0.2158203125 0.3173828125 0.123046875 0.072265625
0 0.341796875 0.314453125 0.12109375 0.07421875
0 0.4638671875 0.3154296875 0.107421875 0.064453125
0 0.5732421875 0.314453125 0.107421875 0.06640625
0 0.689453125 0.314453125 0.1171875 0.06640625
0 0.8095703125 0.3115234375 0.119140625 0.068359375
0 0.439453125 0.388671875 0.125 0.0703125
0 0.5654296875 0.390625 0.126953125 0.07421875
