0 0.8876953125 0.0703125 0.150390625 0.10546875
0 0.8857421875 0.1689453125 0.126953125 0.080078125
0 0.8896484375 0.2646484375 0.150390625 0.107421875
0 0.88671875 0.3720703125 0.125 0.095703125
0 0.88671875 0.4775390625 0.1484375 0.107421875
0 0.8857421875 0.5869140625 0.126953125 0.099609375
0 0.7158203125 0.0693359375 0.076171875 0.095703125
0 0.7236328125 0.1640625 0.126953125 0.0859375
0 0.7138671875 0.2587890625 0.080078125 0.099609375
0 0.716796875 0.3564453125 0.09375 0.080078125
0 0.7158203125 0.4501953125 0.080078125 0.091796875
