0 0.3671875 0.1318359375 0.109375 0.091796875
0 0.4931640625 0.1328125 0.130859375 0.08984375
0 0.62109375 0.13671875 0.1171875 0.08203125
0 0.123046875 0.2568359375 0.18359375 0.130859375
0 0.30859375 0.2587890625 0.18359375 0.134765625
0 0.4970703125 0.2587890625 0.181640625 0.134765625
0 0.6806640625 0.255859375 0.185546875 0.13671875
0 0.865234375 0.2587890625 0.171875 0.134765625
0 0.1962890625 0.3720703125 0.083984375 0.068359375
0 0.2861328125 0.37109375 0.099609375 0.0703125
0 0.384765625 0.3701171875 0.09765625 0.072265625
0 0.4755859375 0.37109375 0.083984375 0.0703125
0 0.5576171875 0.3779296875 0.072265625 0.056640625
0 0.609375 0.3701171875 0.03515625 0.068359375
0 0.662109375 0.37109375 0.0703125 0.0703125
0 0.75 0.3720703125 0.10546875 0.076171875
