0 0.0703125 0.08984375 0.12109375 0.13671875
0 0.1953125 0.0888671875 0.12109375 0.146484375
0 0.3115234375 0.0927734375 0.115234375 0.134765625
0 0.4697265625 0.0908203125 0.111328125 0.138671875
0 0.5810546875 0.0927734375 0.103515625 0.130859375
0 0.6923828125 0.091796875 0.115234375 0.14453125
0 0.806640625 0.0966796875 0.11328125 0.134765625
0 0.9326171875 0.0947265625 0.130859375 0.146484375
0 0.2626953125 0.2529296875 0.228515625 0.158203125
0 0.494140625 0.2578125 0.234375 0.1484375
0 0.734375 0.251953125 0.22265625 0.16015625
