0 0.14453125 0.6865234375 0.13671875 0.080078125
0 0.2841796875 0.6845703125 0.134765625 0.083984375
0 0.4208984375 0.685546875 0.134765625 0.07421875
0 0.541015625 0.6845703125 0.11328125 0.072265625
0 0.646484375 0.685546875 0.078125 0.078125
0 0.7509765625 0.685546875 0.119140625 0.078125
0 0.8740234375 0.68359375 0.115234375 0.08203125
0 0.15625 0.77734375 0.14453125 0.0703125
0 0.4794921875 0.779296875 0.146484375 0.0859375
0 0.6640625 0.77734375 0.15234375 0.0859375
0 0.8583984375 0.779296875 0.142578125 0.07421875
0 0.4638671875 0.9208984375 0.083984375 0.060546875
0 0.5341796875 0.921875 0.060546875 0.05859375
