0 0.35546875 0.1962890625 0.10546875 0.134765625
0 0.4521484375 0.197265625 0.095703125 0.1328125
0 0.546875 0.197265625 0.09765625 0.13671875
0 0.6328125 0.1962890625 0.10546875 0.134765625
0 0.697265625 0.2607421875 0.0703125 0.048828125
0 0.443359375 0.2880859375 0.07421875 0.044921875
0 0.505859375 0.2890625 0.05078125 0.046875
0 0.5625 0.2890625 0.0625 0.04296875
0 0.3232421875 0.369140625 0.177734375 0.12890625
0 0.5 0.3720703125 0.17578125 0.123046875
0 0.6806640625 0.3720703125 0.177734375 0.123046875
