0 0.1640625 0.1591796875 0.0859375 0.060546875
0 0.2744140625 0.158203125 0.107421875 0.0703125
0 0.384765625 0.158203125 0.09375 0.07421875
0 0.4970703125 0.16015625 0.091796875 0.07421875
0 0.6044921875 0.1591796875 0.103515625 0.072265625
0 0.7138671875 0.1611328125 0.111328125 0.072265625
0 0.259765625 0.2421875 0.08984375 0.06640625
0 0.375 0.2412109375 0.109375 0.064453125
0 0.48046875 0.240234375 0.09765625 0.0703125
0 0.591796875 0.244140625 0.078125 0.0703125
0 0.701171875 0.2412109375 0.1171875 0.072265625
0 0.8134765625 0.2412109375 0.107421875 0.076171875
