0 0.4228515625 0.03515625 0.048828125 0.0390625
0 0.474609375 0.0361328125 0.04296875 0.041015625
0 0.52734375 0.0361328125 0.046875 0.037109375
0 0.5751953125 0.03515625 0.048828125 0.0390625
0 0.6240234375 0.03515625 0.048828125 0.0390625
0 0.6728515625 0.0341796875 0.048828125 0.037109375
0 0.7255859375 0.037109375 0.052734375 0.0390625
0 0.287109375 0.1005859375 0.18359375 0.146484375
0 0.4775390625 0.19140625 0.185546875 0.13671875
0 0.6728515625 0.150390625 0.166015625 0.12109375
0 0.8671875 0.1064453125 0.17578125 0.138671875
0 0.7431640625 0.265625 0.173828125 0.12109375
0 0.9072265625 0.2724609375 0.158203125 0.119140625
