0 0.728515625 0.0986328125 0.125 0.107421875
0 0.73046875 0.21484375 0.0859375 0.109375
0 0.73828125 0.3349609375 0.16015625 0.119140625
0 0.7314453125 0.455078125 0.107421875 0.1171875
0 0.734375 0.568359375 0.140625 0.09375
0 0.736328125 0.66796875 0.1328125 0.09375
0 0.5390625 0.103515625 0.15234375 0.1171875
0 0.54296875 0.2265625 0.16015625 0.109375
0 0.552734375 0.3251953125 0.12890625 0.060546875
0 0.5419921875 0.4111328125 0.146484375 0.095703125
0 0.537109375 0.50390625 0.1484375 0.078125
0 0.5361328125 0.599609375 0.126953125 0.09765625
0 0.3388671875 0.1025390625 0.126953125 0.119140625
0 0.3427734375 0.2197265625 0.158203125 0.107421875
0 0.3427734375 0.3388671875 0.158203125 0.115234375
