0 0.0673828125 0.0634765625 0.091796875 0.080078125
0 0.169921875 0.0625 0.109375 0.078125
0 0.279296875 0.0625 0.11328125 0.08203125
0 0.3837890625 0.0634765625 0.091796875 0.080078125
0 0.4775390625 0.0673828125 0.091796875 0.064453125
0 0.0888671875 0.16015625 0.095703125 0.10546875
0 0.318359375 0.1630859375 0.13671875 0.091796875
0 0.451171875 0.1630859375 0.12890625 0.095703125
0 0.0693359375 0.2578125 0.072265625 0.05859375
0 0.1474609375 0.2578125 0.068359375 0.0625
0 0.2236328125 0.2578125 0.060546875 0.0625
0 0.06640625 0.3408203125 0.0625 0.060546875
0 0.1455078125 0.341796875 0.068359375 0.0625
0 0.22265625 0.3427734375 0.0625 0.060546875
