0 0.119140625 0.0869140625 0.10546875 0.080078125
0 0.23046875 0.0849609375 0.09765625 0.076171875
0 0.337890625 0.083984375 0.09765625 0.078125
0 0.4443359375 0.0869140625 0.095703125 0.083984375
0 0.5869140625 0.08203125 0.099609375 0.09375
0 0.7919921875 0.0830078125 0.091796875 0.080078125
0 0.892578125 0.083984375 0.08203125 0.08203125
0 0.1474609375 0.1982421875 0.162109375 0.123046875
0 0.318359375 0.201171875 0.16015625 0.1171875
0 0.484375 0.2001953125 0.1328125 0.119140625
0 0.140625 0.3349609375 0.16796875 0.123046875
0 0.318359375 0.3359375 0.16015625 0.12890625
