0 0.3583984375 0.060546875 0.044921875 0.05078125
0 0.4091796875 0.0419921875 0.041015625 0.060546875
0 0.45703125 0.03515625 0.046875 0.0546875
0 0.5068359375 0.0390625 0.041015625 0.0546875
0 0.5556640625 0.0439453125 0.048828125 0.064453125
0 0.6103515625 0.0546875 0.060546875 0.0546875
0 0.1259765625 0.169921875 0.072265625 0.08984375
0 0.1962890625 0.16796875 0.072265625 0.0859375
0 0.287109375 0.1650390625 0.0546875 0.087890625
0 0.341796875 0.173828125 0.0546875 0.05859375
0 0.4580078125 0.1630859375 0.056640625 0.091796875
0 0.513671875 0.173828125 0.046875 0.06640625
0 0.5703125 0.1650390625 0.05078125 0.091796875
0 0.65625 0.162109375 0.0625 0.08984375
0 0.7099609375 0.1728515625 0.048828125 0.060546875
0 0.7666015625 0.1640625 0.052734375 0.08984375
0 0.8232421875 0.1650390625 0.056640625 0.076171875
