0 0.5537109375 0.0751953125 0.126953125 0.091796875
0 0.5576171875 0.171875 0.123046875 0.0859375
0 0.5576171875 0.2626953125 0.134765625 0.091796875
0 0.560546875 0.357421875 0.1015625 0.07421875
0 0.56640625 0.4453125 0.125 0.09375
0 0.5634765625 0.53515625 0.107421875 0.0859375
0 0.5595703125 0.6220703125 0.103515625 0.083984375
0 0.4091796875 0.07421875 0.119140625 0.09375
0 0.4150390625 0.1689453125 0.130859375 0.083984375
0 0.416015625 0.25390625 0.08203125 0.08203125
0 0.416015625 0.3388671875 0.10546875 0.083984375
0 0.4208984375 0.4306640625 0.138671875 0.091796875
