0 0.1298828125 0.1123046875 0.048828125 0.060546875
0 0.1806640625 0.1123046875 0.044921875 0.060546875
0 0.234375 0.1103515625 0.05078125 0.060546875
0 0.28515625 0.1083984375 0.046875 0.056640625
0 0.33984375 0.109375 0.05078125 0.05859375
0 0.3935546875 0.11328125 0.041015625 0.0546875
0 0.4453125 0.1044921875 0.05078125 0.060546875
0 0.5517578125 0.1015625 0.048828125 0.05859375
0 0.60546875 0.1015625 0.046875 0.05859375
0 0.658203125 0.1015625 0.046875 0.05859375
0 0.7119140625 0.1015625 0.048828125 0.05859375
0 0.7646484375 0.1015625 0.052734375 0.05859375
