0 0.1552734375 0.228515625 0.064453125 0.04296875
0 0.2236328125 0.228515625 0.056640625 0.04296875
0 0.2919921875 0.2265625 0.056640625 0.04296875
0 0.361328125 0.228515625 0.0625 0.04296875
0 0.4287109375 0.2275390625 0.060546875 0.041015625
0 0.4990234375 0.2275390625 0.056640625 0.041015625
0 0.5673828125 0.2275390625 0.052734375 0.041015625
0 0.634765625 0.228515625 0.05859375 0.0390625
0 0.70703125 0.228515625 0.05859375 0.04296875
0 0.7744140625 0.228515625 0.052734375 0.04296875
0 0.8408203125 0.228515625 0.056640625 0.04296875
