0 0.2392578125 0.056640625 0.072265625 0.0625
0 0.328125 0.0537109375 0.08203125 0.060546875
0 0.4091796875 0.0537109375 0.083984375 0.056640625
0 0.4970703125 0.052734375 0.080078125 0.05859375
0 0.583984375 0.0537109375 0.0859375 0.060546875
0 0.6650390625 0.0498046875 0.080078125 0.056640625
0 0.7548828125 0.052734375 0.076171875 0.05078125
0 0.2578125 0.12890625 0.09375 0.06640625
0 0.3603515625 0.1279296875 0.095703125 0.064453125
0 0.4521484375 0.12890625 0.087890625 0.06640625
0 0.5478515625 0.1279296875 0.083984375 0.064453125
0 0.64453125 0.12890625 0.09765625 0.0703125
0 0.740234375 0.126953125 0.08203125 0.0625
0 0.205078125 0.2392578125 0.12109375 0.083984375
0 0.3232421875 0.2392578125 0.111328125 0.080078125
0 0.439453125 0.2412109375 0.1171875 0.083984375
0 0.5595703125 0.2392578125 0.111328125 0.083984375
0 0.67578125 0.23828125 0.109375 0.08203125
0 0.7978515625 0.23828125 0.123046875 0.08203125
