0 0.8916015625 0.0693359375 0.208984375 0.130859375
0 0.884765625 0.19921875 0.22265625 0.12109375
0 0.8994140625 0.298828125 0.181640625 0.0703125
0 0.875 0.39453125 0.23046875 0.11328125
0 0.884765625 0.5126953125 0.22265625 0.103515625
0 0.8984375 0.638671875 0.16015625 0.12109375
0 0.6474609375 0.072265625 0.240234375 0.1171875
0 0.6435546875 0.197265625 0.232421875 0.125
0 0.642578125 0.32421875 0.17578125 0.12890625
0 0.3974609375 0.07421875 0.244140625 0.1328125
0 0.40234375 0.197265625 0.2109375 0.1015625
0 0.3994140625 0.322265625 0.244140625 0.12890625
