0 0.2294921875 0.28515625 0.087890625 0.0859375
0 0.33984375 0.2861328125 0.109375 0.083984375
0 0.44921875 0.2841796875 0.09765625 0.060546875
0 0.5693359375 0.2841796875 0.111328125 0.080078125
0 0.6767578125 0.283203125 0.076171875 0.07421875
0 0.77734375 0.28515625 0.10546875 0.05859375
0 0.8876953125 0.283203125 0.095703125 0.07421875
0 0.2294921875 0.375 0.080078125 0.078125
0 0.337890625 0.376953125 0.10546875 0.078125
0 0.4521484375 0.376953125 0.099609375 0.0703125
0 0.568359375 0.3740234375 0.10546875 0.083984375
0 0.6796875 0.3740234375 0.09765625 0.083984375
