0 0.0771484375 0.150390625 0.017578125 0.0390625
0 0.107421875 0.1484375 0.0390625 0.0390625
0 0.1533203125 0.1494140625 0.048828125 0.037109375
0 0.205078125 0.1513671875 0.0546875 0.041015625
0 0.2568359375 0.1484375 0.048828125 0.0390625
0 0.306640625 0.150390625 0.05859375 0.04296875
0 0.361328125 0.1494140625 0.046875 0.041015625
0 0.4091796875 0.1484375 0.048828125 0.0390625
0 0.4580078125 0.1494140625 0.041015625 0.041015625
0 0.5068359375 0.150390625 0.056640625 0.0390625
0 0.5595703125 0.1484375 0.052734375 0.0390625
0 0.6103515625 0.1484375 0.048828125 0.0390625
0 0.666015625 0.1494140625 0.0546875 0.037109375
0 0.1064453125 0.2216796875 0.091796875 0.083984375
0 0.177734375 0.23046875 0.0546875 0.046875
0 0.2373046875 0.2216796875 0.064453125 0.083984375
0 0.3115234375 0.224609375 0.083984375 0.08203125
0 0.4599609375 0.2216796875 0.080078125 0.087890625
0 0.5517578125 0.2216796875 0.095703125 0.083984375
0 0.6455078125 0.2216796875 0.087890625 0.087890625
0 0.734375 0.2197265625 0.0859375 0.083984375
0 0.8125 0.2216796875 0.078125 0.087890625
0 0.890625 0.2216796875 0.0703125 0.087890625
