0 0.55859375 0.1025390625 0.10546875 0.072265625
0 0.5341796875 0.1748046875 0.056640625 0.060546875
0 0.59375 0.1748046875 0.0546875 0.064453125
0 0.5634765625 0.2490234375 0.091796875 0.072265625
0 0.5615234375 0.322265625 0.099609375 0.0625
0 0.564453125 0.39453125 0.078125 0.06640625
0 0.56640625 0.4658203125 0.08984375 0.060546875
0 0.4267578125 0.154296875 0.111328125 0.07421875
0 0.4296875 0.244140625 0.1171875 0.08203125
0 0.4287109375 0.3759765625 0.107421875 0.068359375
0 0.4296875 0.45703125 0.1171875 0.07421875
