0 0.251953125 0.1953125 0.05859375 0.05859375
0 0.400390625 0.1943359375 0.0703125 0.064453125
0 0.54296875 0.1943359375 0.05859375 0.056640625
0 0.6103515625 0.205078125 0.048828125 0.04296875
0 0.6806640625 0.1943359375 0.060546875 0.060546875
0 0.7529296875 0.193359375 0.060546875 0.0546875
0 0.3203125 0.2529296875 0.03515625 0.033203125
0 0.359375 0.2529296875 0.03515625 0.025390625
0 0.392578125 0.251953125 0.03125 0.02734375
0 0.4267578125 0.2548828125 0.029296875 0.021484375
0 0.4580078125 0.2509765625 0.029296875 0.025390625
0 0.4892578125 0.2509765625 0.033203125 0.029296875
0 0.5205078125 0.25390625 0.025390625 0.01953125
0 0.5517578125 0.25 0.029296875 0.02734375
0 0.5849609375 0.25 0.029296875 0.02734375
0 0.619140625 0.2490234375 0.03125 0.029296875
0 0.6552734375 0.2490234375 0.037109375 0.029296875
