0 0.1201171875 0.1083984375 0.142578125 0.099609375
0 0.2685546875 0.107421875 0.134765625 0.1015625
0 0.4189453125 0.107421875 0.142578125 0.09765625
0 0.1181640625 0.2158203125 0.142578125 0.095703125
0 0.2685546875 0.2158203125 0.146484375 0.103515625
0 0.419921875 0.2158203125 0.140625 0.099609375
0 0.115234375 0.3203125 0.140625 0.09765625
0 0.2626953125 0.3212890625 0.134765625 0.099609375
0 0.3984375 0.32421875 0.125 0.08984375
0 0.5380859375 0.3203125 0.134765625 0.09765625
0 0.9140625 0.3232421875 0.12890625 0.091796875
0 0.1181640625 0.4267578125 0.142578125 0.095703125
0 0.263671875 0.4248046875 0.13671875 0.095703125
0 0.4052734375 0.427734375 0.123046875 0.09765625
0 0.54296875 0.42578125 0.13671875 0.09375
0 0.916015625 0.4287109375 0.13671875 0.091796875
