0 0.0576171875 0.166015625 0.103515625 0.0859375
0 0.166015625 0.166015625 0.10546875 0.0859375
0 0.2578125 0.1669921875 0.078125 0.091796875
0 0.3505859375 0.16796875 0.103515625 0.08984375
0 0.443359375 0.17578125 0.08984375 0.06640625
0 0.5390625 0.1689453125 0.1171875 0.080078125
0 0.6572265625 0.16796875 0.119140625 0.09375
0 0.7783203125 0.1689453125 0.119140625 0.091796875
0 0.060546875 0.2529296875 0.109375 0.068359375
0 0.21875 0.25390625 0.09375 0.06640625
0 0.3037109375 0.26171875 0.080078125 0.05078125
0 0.3876953125 0.25390625 0.091796875 0.06640625
0 0.4697265625 0.2529296875 0.076171875 0.072265625
0 0.5546875 0.2568359375 0.08984375 0.068359375
0 0.7265625 0.2568359375 0.1015625 0.060546875
0 0.8251953125 0.2568359375 0.091796875 0.068359375
0 0.931640625 0.25390625 0.11328125 0.07421875
0 0.091796875 0.357421875 0.17578125 0.12109375
0 0.2607421875 0.359375 0.166015625 0.12109375
0 0.4248046875 0.359375 0.158203125 0.1171875
0 0.58984375 0.3583984375 0.16796875 0.115234375
0 0.76171875 0.361328125 0.171875 0.12109375
