0 0.0947265625 0.1435546875 0.130859375 0.095703125
0 0.23046875 0.1435546875 0.12890625 0.091796875
0 0.369140625 0.142578125 0.12890625 0.09375
0 0.5048828125 0.1416015625 0.126953125 0.080078125
0 0.12890625 0.2880859375 0.1640625 0.158203125
0 0.3037109375 0.2880859375 0.162109375 0.166015625
0 0.443359375 0.2890625 0.10546875 0.1015625
0 0.587890625 0.28515625 0.16796875 0.1640625
0 0.76171875 0.2880859375 0.1640625 0.162109375
0 0.9208984375 0.2841796875 0.091796875 0.107421875
0 0.072265625 0.435546875 0.06640625 0.09765625
0 0.1962890625 0.4365234375 0.150390625 0.103515625
0 0.3486328125 0.4365234375 0.138671875 0.107421875
0 0.49609375 0.4345703125 0.14453125 0.103515625
0 0.1005859375 0.5478515625 0.150390625 0.107421875
0 0.2529296875 0.548828125 0.138671875 0.1015625
0 0.3896484375 0.548828125 0.126953125 0.09765625
0 0.53125 0.55078125 0.1171875 0.1015625
0 0.671875 0.552734375 0.14453125 0.10546875
