0 0.076171875 0.1650390625 0.09765625 0.083984375
0 0.1708984375 0.1650390625 0.091796875 0.083984375
0 0.2685546875 0.166015625 0.091796875 0.08203125
0 0.3642578125 0.1650390625 0.095703125 0.083984375
0 0.4599609375 0.166015625 0.095703125 0.0859375
0 0.5546875 0.166015625 0.09765625 0.0859375
0 0.6513671875 0.1650390625 0.095703125 0.083984375
0 0.7333984375 0.162109375 0.064453125 0.06640625
0 0.8154296875 0.166015625 0.095703125 0.0859375
0 0.9111328125 0.1669921875 0.095703125 0.083984375
