0 0.2392578125 0.2421875 0.068359375 0.05859375
0 0.3193359375 0.240234375 0.076171875 0.0625
0 0.3994140625 0.2412109375 0.080078125 0.064453125
0 0.4794921875 0.240234375 0.083984375 0.05859375
0 0.5634765625 0.2412109375 0.080078125 0.060546875
0 0.646484375 0.2412109375 0.078125 0.060546875
0 0.7265625 0.240234375 0.078125 0.0625
0 0.482421875 0.3896484375 0.046875 0.060546875
0 0.3955078125 0.513671875 0.041015625 0.03125
0 0.439453125 0.513671875 0.04296875 0.03125
0 0.484375 0.513671875 0.04296875 0.03125
0 0.5263671875 0.5146484375 0.044921875 0.033203125
0 0.5693359375 0.513671875 0.044921875 0.03125
