0 0.095703125 0.33984375 0.06640625 0.05078125
0 0.1611328125 0.33984375 0.060546875 0.05078125
0 0.21875 0.33984375 0.0546875 0.05078125
0 0.2783203125 0.3408203125 0.060546875 0.052734375
0 0.3486328125 0.341796875 0.080078125 0.0546875
0 0.4326171875 0.34375 0.087890625 0.05859375
0 0.5166015625 0.34375 0.076171875 0.05859375
0 0.5966796875 0.3427734375 0.076171875 0.056640625
0 0.677734375 0.3427734375 0.0859375 0.056640625
0 0.7607421875 0.3427734375 0.080078125 0.056640625
0 0.841796875 0.34375 0.08203125 0.05859375
0 0.92578125 0.3447265625 0.08203125 0.052734375
0 0.103515625 0.4130859375 0.08203125 0.056640625
0 0.185546875 0.4111328125 0.078125 0.056640625
0 0.265625 0.4130859375 0.0859375 0.056640625
