0 0.9111328125 0.0615234375 0.080078125 0.080078125
0 0.9111328125 0.15234375 0.064453125 0.0859375
0 0.91015625 0.244140625 0.1015625 0.078125
0 0.91015625 0.326171875 0.12109375 0.0546875
0 0.9130859375 0.40234375 0.115234375 0.0625
0 0.9150390625 0.4853515625 0.091796875 0.076171875
0 0.91796875 0.57421875 0.0625 0.08203125
0 0.91015625 0.654296875 0.08203125 0.05078125
0 0.7861328125 0.0634765625 0.103515625 0.083984375
0 0.7841796875 0.1533203125 0.099609375 0.087890625
0 0.7822265625 0.2392578125 0.099609375 0.076171875
0 0.658203125 0.0634765625 0.11328125 0.083984375
0 0.65234375 0.1552734375 0.0859375 0.080078125
0 0.6572265625 0.2451171875 0.099609375 0.083984375
0 0.66015625 0.3330078125 0.10546875 0.064453125
