0 0.126953125 0.1865234375 0.171875 0.158203125
0 0.314453125 0.1845703125 0.17578125 0.158203125
0 0.5029296875 0.1826171875 0.177734375 0.146484375
0 0.6923828125 0.1865234375 0.111328125 0.095703125
0 0.833984375 0.1845703125 0.1484375 0.107421875
0 0.388671875 0.3291015625 0.1953125 0.126953125
0 0.5908203125 0.3271484375 0.185546875 0.130859375
0 0.2646484375 0.0556640625 0.095703125 0.072265625
0 0.3642578125 0.0546875 0.087890625 0.07421875
0 0.4677734375 0.0546875 0.095703125 0.06640625
0 0.5732421875 0.0556640625 0.091796875 0.068359375
0 0.6728515625 0.0537109375 0.087890625 0.068359375
