0 0.2197265625 0.064453125 0.080078125 0.0703125
0 0.310546875 0.0654296875 0.08203125 0.072265625
0 0.3974609375 0.0654296875 0.080078125 0.072265625
0 0.48828125 0.0654296875 0.08203125 0.068359375
0 0.58203125 0.06640625 0.08203125 0.0703125
0 0.67578125 0.064453125 0.08984375 0.0703125
0 0.7724609375 0.0654296875 0.087890625 0.068359375
0 0.1181640625 0.173828125 0.162109375 0.13671875
0 0.326171875 0.1728515625 0.16015625 0.119140625
0 0.541015625 0.17578125 0.16796875 0.109375
0 0.7314453125 0.181640625 0.123046875 0.10546875
0 0.90625 0.173828125 0.1171875 0.1328125
