0 0.142578125 0.1328125 0.1171875 0.109375
0 0.26953125 0.130859375 0.11328125 0.109375
0 0.3935546875 0.12890625 0.115234375 0.10546875
0 0.51953125 0.1318359375 0.11328125 0.103515625
0 0.6455078125 0.1328125 0.119140625 0.10546875
0 0.7705078125 0.1337890625 0.111328125 0.107421875
0 0.130859375 0.255859375 0.08203125 0.1015625
0 0.2353515625 0.2548828125 0.111328125 0.091796875
0 0.353515625 0.2578125 0.09765625 0.1015625
0 0.45703125 0.255859375 0.078125 0.09375
0 0.546875 0.2587890625 0.09375 0.087890625
