0 0.0615234375 0.1044921875 0.080078125 0.064453125
0 0.060546875 0.1748046875 0.078125 0.064453125
0 0.0615234375 0.2470703125 0.087890625 0.068359375
0 0.216796875 0.12109375 0.13671875 0.1015625
0 0.3447265625 0.12109375 0.103515625 0.09765625
0 0.470703125 0.1259765625 0.1328125 0.091796875
0 0.609375 0.126953125 0.125 0.09375
0 0.212890625 0.2294921875 0.1328125 0.095703125
0 0.349609375 0.2294921875 0.1328125 0.095703125
0 0.4892578125 0.2333984375 0.134765625 0.095703125
0 0.6337890625 0.2294921875 0.134765625 0.091796875
0 0.763671875 0.2412109375 0.10546875 0.080078125
0 0.88671875 0.23046875 0.109375 0.09375
