0 0.0751953125 0.125 0.134765625 0.07421875
0 0.212890625 0.125 0.1328125 0.10546875
0 0.32421875 0.126953125 0.07421875 0.1015625
0 0.4296875 0.1171875 0.125 0.078125
0 0.5693359375 0.125 0.130859375 0.0859375
0 0.69921875 0.126953125 0.1171875 0.08984375
0 0.8115234375 0.123046875 0.099609375 0.06640625
0 0.2314453125 0.2822265625 0.123046875 0.060546875
0 0.3583984375 0.2880859375 0.119140625 0.083984375
0 0.4599609375 0.2841796875 0.072265625 0.107421875
0 0.5830078125 0.2861328125 0.150390625 0.111328125
0 0.74609375 0.2890625 0.140625 0.1171875
