0 0.8828125 0.0732421875 0.15625 0.111328125
0 0.8857421875 0.1875 0.162109375 0.1015625
0 0.888671875 0.296875 0.16796875 0.10546875
0 0.701171875 0.076171875 0.1640625 0.11328125
0 0.69921875 0.193359375 0.171875 0.109375
0 0.701171875 0.298828125 0.1640625 0.08984375
0 0.3037109375 0.3857421875 0.162109375 0.115234375
0 0.30078125 0.501953125 0.16015625 0.109375
0 0.3037109375 0.619140625 0.138671875 0.109375
0 0.119140625 0.2919921875 0.1171875 0.119140625
0 0.119140625 0.4091796875 0.13671875 0.103515625
0 0.119140625 0.513671875 0.171875 0.09765625
0 0.1298828125 0.62109375 0.173828125 0.10546875
