0 0.345703125 0.1708984375 0.28515625 0.193359375
0 0.6416015625 0.171875 0.271484375 0.19140625
0 0.4892578125 0.30859375 0.095703125 0.0625
0 0.34765625 0.4365234375 0.27734375 0.201171875
0 0.646484375 0.443359375 0.28515625 0.19140625
0 0.1806640625 0.5947265625 0.060546875 0.080078125
0 0.251953125 0.595703125 0.06640625 0.078125
0 0.4072265625 0.5966796875 0.072265625 0.068359375
0 0.4853515625 0.59765625 0.076171875 0.07421875
0 0.568359375 0.5947265625 0.07421875 0.087890625
0 0.65625 0.59375 0.078125 0.08984375
0 0.7294921875 0.60546875 0.056640625 0.0703125
0 0.8017578125 0.5947265625 0.068359375 0.083984375
