0 0.138671875 0.08984375 0.1796875 0.140625
0 0.3408203125 0.08984375 0.189453125 0.140625
0 0.5390625 0.08984375 0.16796875 0.14453125
0 0.720703125 0.0966796875 0.17578125 0.111328125
0 0.1435546875 0.2333984375 0.197265625 0.130859375
0 0.3564453125 0.2333984375 0.189453125 0.130859375
0 0.5537109375 0.2333984375 0.146484375 0.123046875
0 0.71484375 0.2333984375 0.14453125 0.123046875
0 0.1220703125 0.4228515625 0.154296875 0.107421875
0 0.2763671875 0.4267578125 0.123046875 0.111328125
0 0.4384765625 0.4248046875 0.134765625 0.083984375
0 0.580078125 0.427734375 0.12890625 0.0859375
0 0.7333984375 0.427734375 0.142578125 0.1171875
0 0.8935546875 0.4267578125 0.158203125 0.115234375
0 0.1162109375 0.5439453125 0.142578125 0.119140625
0 0.251953125 0.548828125 0.125 0.0703125
0 0.39453125 0.5498046875 0.12890625 0.115234375
0 0.529296875 0.552734375 0.0859375 0.07421875
0 0.6474609375 0.5458984375 0.119140625 0.119140625
0 0.7548828125 0.55078125 0.076171875 0.12109375
