0 0.115234375 0.2958984375 0.1875 0.138671875
0 0.2880859375 0.2958984375 0.126953125 0.138671875
0 0.5458984375 0.29296875 0.162109375 0.13671875
0 0.712890625 0.3056640625 0.15234375 0.111328125
0 0.8798828125 0.291015625 0.154296875 0.14453125
0 0.078125 0.4140625 0.0859375 0.0859375
0 0.1728515625 0.4150390625 0.087890625 0.080078125
0 0.2685546875 0.4150390625 0.087890625 0.080078125
0 0.3603515625 0.41015625 0.083984375 0.0703125
0 0.4521484375 0.421875 0.068359375 0.0625
0 0.546875 0.4130859375 0.08984375 0.080078125
0 0.7314453125 0.41015625 0.087890625 0.08203125
0 0.8271484375 0.412109375 0.087890625 0.08984375
0 0.9267578125 0.4169921875 0.095703125 0.091796875
0 0.22265625 0.51953125 0.1875 0.12109375
0 0.4072265625 0.5185546875 0.162109375 0.130859375
0 0.5849609375 0.5205078125 0.177734375 0.123046875
0 0.7724609375 0.51953125 0.177734375 0.12890625
