0 0.1337890625 0.115234375 0.232421875 0.171875
0 0.3818359375 0.1123046875 0.201171875 0.173828125
0 0.6181640625 0.1142578125 0.201171875 0.197265625
0 0.87890625 0.1083984375 0.22265625 0.197265625
0 0.0830078125 0.259765625 0.146484375 0.09765625
0 0.236328125 0.2626953125 0.1484375 0.099609375
0 0.3896484375 0.263671875 0.146484375 0.09765625
0 0.52734375 0.2685546875 0.1171875 0.091796875
0 0.642578125 0.2666015625 0.08984375 0.091796875
0 0.7666015625 0.2666015625 0.134765625 0.099609375
0 0.9169921875 0.267578125 0.142578125 0.10546875
