0 0.2294921875 0.1728515625 0.107421875 0.072265625
0 0.3359375 0.1728515625 0.08984375 0.076171875
0 0.421875 0.1796875 0.07421875 0.0546875
0 0.5048828125 0.1748046875 0.087890625 0.068359375
0 0.595703125 0.173828125 0.07421875 0.0625
0 0.685546875 0.1728515625 0.08203125 0.068359375
0 0.765625 0.1806640625 0.0703125 0.048828125
0 0.3984375 0.255859375 0.08984375 0.0703125
0 0.5048828125 0.255859375 0.095703125 0.0703125
0 0.595703125 0.2607421875 0.0546875 0.056640625
0 0.2841796875 0.3427734375 0.103515625 0.072265625
0 0.3916015625 0.3388671875 0.091796875 0.064453125
0 0.4931640625 0.3408203125 0.095703125 0.072265625
0 0.5986328125 0.3388671875 0.091796875 0.068359375
0 0.69921875 0.33984375 0.1015625 0.06640625
