0 0.1240234375 0.4677734375 0.091796875 0.068359375
0 0.208984375 0.466796875 0.0625 0.0703125
0 0.2841796875 0.4658203125 0.064453125 0.072265625
0 0.3642578125 0.4638671875 0.083984375 0.068359375
0 0.4658203125 0.46484375 0.103515625 0.07421875
0 0.5712890625 0.46484375 0.095703125 0.07421875
0 0.6650390625 0.4736328125 0.068359375 0.048828125
0 0.75390625 0.4619140625 0.09765625 0.080078125
0 0.86328125 0.462890625 0.10546875 0.078125
0 0.1181640625 0.5419921875 0.060546875 0.048828125
0 0.185546875 0.5419921875 0.0625 0.048828125
0 0.2421875 0.5439453125 0.03125 0.037109375
0 0.29296875 0.541015625 0.06640625 0.046875
0 0.36328125 0.5400390625 0.06640625 0.048828125
0 0.4287109375 0.5390625 0.060546875 0.05078125
0 0.4951171875 0.5390625 0.060546875 0.046875
