0 0.078125 0.1142578125 0.10546875 0.095703125
0 0.2021484375 0.1123046875 0.095703125 0.091796875
0 0.30859375 0.111328125 0.08984375 0.09375
0 0.42578125 0.109375 0.0859375 0.09375
0 0.5419921875 0.1123046875 0.119140625 0.099609375
0 0.6826171875 0.11328125 0.138671875 0.09765625
0 0.0849609375 0.21484375 0.134765625 0.08984375
0 0.220703125 0.2138671875 0.12109375 0.091796875
0 0.3515625 0.21484375 0.1171875 0.078125
0 0.4833984375 0.2119140625 0.126953125 0.099609375
0 0.6181640625 0.21484375 0.126953125 0.09765625
