0 0.107421875 0.1630859375 0.1328125 0.126953125
0 0.25 0.1640625 0.13671875 0.13671875
0 0.3837890625 0.1630859375 0.115234375 0.119140625
0 0.5107421875 0.1611328125 0.111328125 0.123046875
0 0.6220703125 0.1748046875 0.095703125 0.091796875
0 0.7197265625 0.162109375 0.095703125 0.12109375
0 0.8251953125 0.1630859375 0.091796875 0.119140625
0 0.9423828125 0.173828125 0.083984375 0.1015625
0 0.09765625 0.2958984375 0.10546875 0.111328125
0 0.1982421875 0.2958984375 0.076171875 0.119140625
0 0.2939453125 0.2939453125 0.091796875 0.115234375
0 0.396484375 0.298828125 0.10546875 0.09765625
0 0.51171875 0.2958984375 0.109375 0.111328125
0 0.6142578125 0.2958984375 0.080078125 0.119140625
0 0.7099609375 0.298828125 0.099609375 0.11328125
0 0.9326171875 0.296875 0.099609375 0.12109375
0 0.130859375 0.4228515625 0.1796875 0.126953125
0 0.31640625 0.4228515625 0.171875 0.126953125
0 0.5048828125 0.42578125 0.185546875 0.1328125
0 0.6943359375 0.4267578125 0.181640625 0.134765625
