0 0.1083984375 0.1826171875 0.193359375 0.130859375
0 0.30859375 0.1826171875 0.18359375 0.130859375
0 0.5 0.1796875 0.1796875 0.1328125
0 0.693359375 0.181640625 0.1875 0.12890625
0 0.8916015625 0.181640625 0.185546875 0.12890625
0 0.3837890625 0.31640625 0.181640625 0.12109375
0 0.6181640625 0.314453125 0.177734375 0.12890625
0 0.2119140625 0.462890625 0.185546875 0.13671875
0 0.40625 0.458984375 0.18359375 0.1328125
0 0.5947265625 0.4580078125 0.166015625 0.134765625
0 0.787109375 0.462890625 0.1796875 0.1328125
