0 0.6611328125 0.064453125 0.119140625 0.08203125
0 0.666015625 0.1513671875 0.12109375 0.080078125
0 0.6630859375 0.236328125 0.115234375 0.078125
0 0.47265625 0.0908203125 0.1640625 0.134765625
0 0.4755859375 0.2392578125 0.169921875 0.130859375
0 0.4755859375 0.3466796875 0.111328125 0.068359375
0 0.4775390625 0.458984375 0.197265625 0.140625
0 0.201171875 0.0966796875 0.1875 0.138671875
0 0.19921875 0.2392578125 0.1953125 0.138671875
0 0.2041015625 0.3505859375 0.115234375 0.068359375
0 0.201171875 0.455078125 0.20703125 0.12890625
0 0.201171875 0.5947265625 0.19140625 0.134765625
0 0.203125 0.7333984375 0.17578125 0.130859375
