0 0.1455078125 0.1484375 0.126953125 0.0859375
0 0.271484375 0.1455078125 0.1171875 0.080078125
0 0.392578125 0.146484375 0.11328125 0.078125
0 0.5166015625 0.1494140625 0.119140625 0.076171875
0 0.642578125 0.1474609375 0.109375 0.083984375
0 0.763671875 0.150390625 0.11328125 0.0859375
0 0.8876953125 0.1494140625 0.119140625 0.083984375
0 0.234375 0.24609375 0.06640625 0.04296875
0 0.3037109375 0.24609375 0.068359375 0.046875
0 0.3759765625 0.248046875 0.060546875 0.0390625
0 0.4482421875 0.2470703125 0.064453125 0.048828125
0 0.5166015625 0.2470703125 0.064453125 0.044921875
0 0.5888671875 0.24609375 0.064453125 0.046875
0 0.6552734375 0.2470703125 0.068359375 0.041015625
0 0.7255859375 0.2490234375 0.064453125 0.048828125
0 0.80078125 0.2490234375 0.0703125 0.052734375
