0 0.1416015625 0.1025390625 0.208984375 0.154296875
0 0.37890625 0.0986328125 0.2265625 0.173828125
0 0.6181640625 0.0966796875 0.216796875 0.169921875
0 0.8525390625 0.09765625 0.208984375 0.1640625
0 0.138671875 0.2705078125 0.234375 0.158203125
0 0.38671875 0.2724609375 0.22265625 0.154296875
0 0.6201171875 0.26953125 0.220703125 0.15234375
0 0.8583984375 0.2705078125 0.216796875 0.158203125
0 0.13671875 0.4453125 0.23046875 0.16015625
0 0.380859375 0.4443359375 0.22265625 0.158203125
0 0.625 0.4453125 0.21875 0.16015625
