0 0.09375 0.1533203125 0.109375 0.115234375
0 0.2255859375 0.154296875 0.123046875 0.11328125
0 0.3662109375 0.158203125 0.126953125 0.09375
0 0.505859375 0.150390625 0.109375 0.1171875
0 0.630859375 0.146484375 0.1171875 0.1171875
0 0.7509765625 0.16015625 0.080078125 0.09765625
0 0.1025390625 0.291015625 0.154296875 0.13671875
0 0.2626953125 0.2919921875 0.134765625 0.130859375
0 0.41796875 0.2890625 0.15234375 0.12890625
0 0.5732421875 0.2890625 0.134765625 0.1328125
0 0.724609375 0.291015625 0.140625 0.1328125
0 0.8828125 0.294921875 0.1484375 0.13671875
0 0.0751953125 0.435546875 0.076171875 0.12890625
0 0.1650390625 0.4326171875 0.076171875 0.119140625
0 0.2587890625 0.43359375 0.076171875 0.1171875
0 0.3779296875 0.43359375 0.134765625 0.125
