0 0.1044921875 0.1328125 0.142578125 0.10546875
0 0.255859375 0.1337890625 0.14453125 0.103515625
0 0.4091796875 0.1337890625 0.138671875 0.107421875
0 0.5615234375 0.134765625 0.142578125 0.1015625
0 0.7158203125 0.1337890625 0.142578125 0.111328125
0 0.8701171875 0.1376953125 0.150390625 0.099609375
0 0.1103515625 0.3037109375 0.181640625 0.208984375
0 0.3076171875 0.3017578125 0.173828125 0.205078125
0 0.4990234375 0.2998046875 0.162109375 0.201171875
0 0.8701171875 0.3115234375 0.166015625 0.177734375
0 0.1005859375 0.4716796875 0.150390625 0.099609375
0 0.25390625 0.4716796875 0.14453125 0.099609375
0 0.408203125 0.47265625 0.14453125 0.1015625
0 0.560546875 0.4736328125 0.13671875 0.103515625
0 0.7158203125 0.4755859375 0.146484375 0.099609375
0 0.87109375 0.4736328125 0.140625 0.095703125
