0 0.115234375 0.1728515625 0.1328125 0.134765625
0 0.2490234375 0.173828125 0.115234375 0.12890625
0 0.361328125 0.1806640625 0.09375 0.087890625
0 0.50390625 0.177734375 0.1015625 0.109375
0 0.6171875 0.17578125 0.10546875 0.11328125
0 0.7724609375 0.1748046875 0.119140625 0.130859375
0 0.900390625 0.17578125 0.125 0.12890625
0 0.109375 0.275390625 0.03515625 0.05859375
0 0.1572265625 0.275390625 0.048828125 0.0546875
0 0.212890625 0.2734375 0.0546875 0.0546875
0 0.27734375 0.27734375 0.06640625 0.05859375
0 0.3642578125 0.27734375 0.060546875 0.05859375
0 0.4306640625 0.27734375 0.060546875 0.0625
0 0.4970703125 0.2783203125 0.064453125 0.056640625
0 0.5615234375 0.2783203125 0.048828125 0.060546875
0 0.6259765625 0.2763671875 0.060546875 0.060546875
0 0.689453125 0.27734375 0.0546875 0.05859375
0 0.74609375 0.2783203125 0.046875 0.060546875
0 0.806640625 0.27734375 0.0546875 0.0625
0 0.869140625 0.275390625 0.05859375 0.05859375
