0 0.2275390625 0.1328125 0.091796875 0.078125
0 0.318359375 0.1318359375 0.08984375 0.080078125
0 0.4072265625 0.1298828125 0.083984375 0.072265625
0 0.498046875 0.1318359375 0.0859375 0.076171875
0 0.2255859375 0.2138671875 0.087890625 0.076171875
0 0.318359375 0.2138671875 0.08984375 0.080078125
0 0.41015625 0.212890625 0.078125 0.078125
0 0.4970703125 0.212890625 0.083984375 0.078125
0 0.5859375 0.2109375 0.07421875 0.07421875
0 0.6708984375 0.212890625 0.083984375 0.078125
0 0.7626953125 0.212890625 0.080078125 0.078125
0 0.8515625 0.212890625 0.07421875 0.07421875
