0 0.0634765625 0.064453125 0.095703125 0.0703125
0 0.17578125 0.0634765625 0.09765625 0.072265625
0 0.283203125 0.0654296875 0.09375 0.072265625
0 0.3916015625 0.0625 0.103515625 0.0703125
0 0.4990234375 0.0654296875 0.091796875 0.064453125
0 0.607421875 0.064453125 0.1015625 0.07421875
0 0.7138671875 0.064453125 0.091796875 0.0546875
0 0.814453125 0.06640625 0.08984375 0.06640625
0 0.9189453125 0.0703125 0.095703125 0.0703125
0 0.056640625 0.142578125 0.0703125 0.0546875
0 0.13671875 0.1416015625 0.0703125 0.056640625
0 0.2158203125 0.142578125 0.076171875 0.05859375
0 0.298828125 0.138671875 0.078125 0.015625
0 0.40234375 0.1396484375 0.07421875 0.052734375
0 0.482421875 0.142578125 0.06640625 0.046875
0 0.55859375 0.1416015625 0.0703125 0.044921875
0 0.6376953125 0.1416015625 0.076171875 0.060546875
0 0.7158203125 0.142578125 0.072265625 0.0625
0 0.7919921875 0.1435546875 0.060546875 0.056640625
0 0.873046875 0.14453125 0.08203125 0.05859375
0 0.9443359375 0.1435546875 0.044921875 0.056640625
