0 0.08203125 0.0498046875 0.06640625 0.052734375
0 0.16015625 0.0556640625 0.05859375 0.037109375
0 0.2353515625 0.0498046875 0.072265625 0.052734375
0 0.3154296875 0.0498046875 0.072265625 0.048828125
0 0.40625 0.05078125 0.0703125 0.046875
0 0.0966796875 0.126953125 0.111328125 0.078125
0 0.234375 0.126953125 0.109375 0.07421875
0 0.3642578125 0.125 0.123046875 0.08203125
0 0.5029296875 0.1259765625 0.115234375 0.083984375
0 0.634765625 0.1259765625 0.109375 0.083984375
0 0.767578125 0.12890625 0.1171875 0.078125
0 0.89453125 0.1279296875 0.11328125 0.076171875
