0 0.3701171875 0.046875 0.076171875 0.05859375
0 0.3681640625 0.1064453125 0.080078125 0.048828125
0 0.369140625 0.16015625 0.07421875 0.0546875
0 0.369140625 0.216796875 0.07421875 0.0546875
0 0.3662109375 0.26953125 0.068359375 0.0390625
0 0.3642578125 0.3232421875 0.076171875 0.056640625
0 0.361328125 0.380859375 0.078125 0.0546875
0 0.2060546875 0.0634765625 0.126953125 0.095703125
0 0.2060546875 0.162109375 0.134765625 0.08984375
0 0.2060546875 0.2548828125 0.115234375 0.083984375
0 0.06640625 0.0625 0.12890625 0.09375
0 0.0673828125 0.1484375 0.068359375 0.078125
0 0.0654296875 0.2275390625 0.115234375 0.072265625
0 0.06640625 0.3095703125 0.08203125 0.076171875
0 0.06640625 0.390625 0.11328125 0.08203125
