0 0.1552734375 0.2109375 0.173828125 0.05078125
0 0.3388671875 0.21484375 0.173828125 0.12109375
0 0.5224609375 0.20703125 0.162109375 0.11328125
0 0.689453125 0.2158203125 0.15625 0.119140625
0 0.1396484375 0.32421875 0.142578125 0.10546875
0 0.3193359375 0.341796875 0.150390625 0.09765625
0 0.4736328125 0.3408203125 0.134765625 0.099609375
0 0.71875 0.345703125 0.10546875 0.1171875
0 0.1455078125 0.4638671875 0.177734375 0.123046875
0 0.3291015625 0.4658203125 0.177734375 0.123046875
0 0.513671875 0.462890625 0.171875 0.12109375
