0 0.33203125 0.1796875 0.0625 0.0546875
0 0.3974609375 0.1796875 0.056640625 0.05078125
0 0.4658203125 0.1806640625 0.068359375 0.041015625
0 0.5341796875 0.1796875 0.060546875 0.05078125
0 0.6025390625 0.1796875 0.052734375 0.04296875
0 0.669921875 0.1796875 0.06640625 0.05078125
0 0.4208984375 0.240234375 0.076171875 0.0390625
0 0.4990234375 0.2353515625 0.068359375 0.048828125
0 0.5771484375 0.2373046875 0.076171875 0.048828125
0 0.4228515625 0.3212890625 0.048828125 0.033203125
0 0.4736328125 0.322265625 0.044921875 0.03515625
0 0.5244140625 0.3203125 0.048828125 0.03515625
0 0.572265625 0.3203125 0.046875 0.01171875
