0 0.2568359375 0.240234375 0.134765625 0.1015625
0 0.3876953125 0.2412109375 0.115234375 0.087890625
0 0.5126953125 0.2421875 0.115234375 0.08984375
0 0.638671875 0.2421875 0.1171875 0.08984375
0 0.767578125 0.2431640625 0.11328125 0.087890625
0 0.396484375 0.33984375 0.1328125 0.08984375
0 0.5205078125 0.3369140625 0.099609375 0.087890625
0 0.6484375 0.3359375 0.109375 0.0859375
0 0.7724609375 0.3408203125 0.115234375 0.087890625
0 0.8984375 0.33984375 0.109375 0.08984375
0 0.294921875 0.435546875 0.140625 0.09375
0 0.4375 0.435546875 0.1328125 0.08984375
0 0.5791015625 0.4384765625 0.130859375 0.095703125
0 0.716796875 0.4375 0.1328125 0.09375
