0 0.1015625 0.0673828125 0.1015625 0.080078125
0 0.2001953125 0.0673828125 0.072265625 0.080078125
0 0.283203125 0.0673828125 0.07421875 0.080078125
0 0.375 0.064453125 0.08203125 0.07421875
0 0.4619140625 0.0634765625 0.072265625 0.076171875
0 0.5546875 0.0625 0.08984375 0.07421875
0 0.6552734375 0.0634765625 0.091796875 0.076171875
0 0.7578125 0.060546875 0.09765625 0.08203125
0 0.869140625 0.05859375 0.11328125 0.078125
0 0.8720703125 0.140625 0.107421875 0.07421875
0 0.8779296875 0.318359375 0.107421875 0.0703125
0 0.8896484375 0.375 0.076171875 0.03515625
0 0.8798828125 0.4326171875 0.115234375 0.072265625
0 0.8779296875 0.51171875 0.107421875 0.06640625
