0 0.6806640625 0.08203125 0.130859375 0.10546875
0 0.6875 0.193359375 0.1796875 0.10546875
0 0.6875 0.296875 0.15625 0.09375
0 0.6826171875 0.4033203125 0.111328125 0.095703125
0 0.5126953125 0.087890625 0.150390625 0.12109375
0 0.515625 0.197265625 0.15234375 0.0859375
0 0.521484375 0.2900390625 0.15234375 0.091796875
0 0.5126953125 0.390625 0.095703125 0.1015625
0 0.533203125 0.4755859375 0.08984375 0.052734375
0 0.521484375 0.5546875 0.08984375 0.09765625
0 0.5224609375 0.65625 0.193359375 0.1015625
0 0.33984375 0.0791015625 0.1171875 0.099609375
0 0.33984375 0.1845703125 0.1796875 0.087890625
0 0.3427734375 0.2890625 0.162109375 0.08984375
0 0.3466796875 0.404296875 0.146484375 0.1171875
0 0.3466796875 0.517578125 0.197265625 0.0859375
