0 0.1591796875 0.302734375 0.138671875 0.12109375
0 0.30859375 0.3017578125 0.12890625 0.115234375
0 0.43359375 0.3037109375 0.1015625 0.107421875
0 0.568359375 0.30859375 0.15234375 0.06640625
0 0.732421875 0.3017578125 0.14453125 0.033203125
0 0.8671875 0.3046875 0.109375 0.1171875
0 0.19921875 0.4326171875 0.16015625 0.044921875
0 0.357421875 0.4443359375 0.14453125 0.107421875
0 0.5 0.4453125 0.12109375 0.0859375
0 0.6416015625 0.4423828125 0.150390625 0.119140625
0 0.8037109375 0.44140625 0.154296875 0.11328125
