0 0.12109375 0.1572265625 0.125 0.087890625
0 0.2646484375 0.15625 0.134765625 0.08984375
0 0.3779296875 0.1005859375 0.048828125 0.064453125
0 0.45703125 0.1005859375 0.08203125 0.060546875
0 0.54296875 0.1025390625 0.078125 0.068359375
0 0.6376953125 0.1015625 0.091796875 0.06640625
0 0.732421875 0.103515625 0.0859375 0.0625
0 0.828125 0.1025390625 0.08984375 0.068359375
0 0.9248046875 0.103515625 0.087890625 0.0703125
0 0.521484375 0.18359375 0.05078125 0.05859375
0 0.611328125 0.1806640625 0.08984375 0.068359375
0 0.6904296875 0.1826171875 0.052734375 0.052734375
0 0.78515625 0.1826171875 0.0859375 0.060546875
0 0.125 0.3095703125 0.17578125 0.126953125
0 0.326171875 0.3095703125 0.171875 0.126953125
0 0.6845703125 0.3125 0.169921875 0.1328125
0 0.890625 0.314453125 0.1953125 0.12890625
