0 0.0634765625 0.1103515625 0.091796875 0.072265625
0 0.16015625 0.11328125 0.08984375 0.06640625
0 0.2548828125 0.1103515625 0.087890625 0.068359375
0 0.3466796875 0.1123046875 0.083984375 0.064453125
0 0.43359375 0.109375 0.078125 0.06640625
0 0.529296875 0.111328125 0.08984375 0.05859375
0 0.6279296875 0.109375 0.083984375 0.06640625
0 0.720703125 0.109375 0.078125 0.07421875
0 0.81640625 0.1083984375 0.09765625 0.068359375
0 0.9169921875 0.1083984375 0.091796875 0.064453125
0 0.0654296875 0.1884765625 0.095703125 0.064453125
0 0.1630859375 0.1904296875 0.087890625 0.068359375
0 0.255859375 0.1884765625 0.078125 0.068359375
0 0.3486328125 0.1884765625 0.095703125 0.068359375
0 0.4462890625 0.189453125 0.091796875 0.0625
