0 0.2158203125 0.173828125 0.244140625 0.1796875
0 0.4716796875 0.1767578125 0.240234375 0.177734375
0 0.6708984375 0.2041015625 0.119140625 0.119140625
0 0.4208984375 0.333984375 0.126953125 0.09765625
0 0.552734375 0.3359375 0.12109375 0.11328125
0 0.685546875 0.33203125 0.11328125 0.10546875
0 0.8056640625 0.333984375 0.099609375 0.1171875
0 0.9150390625 0.3388671875 0.111328125 0.115234375
0 0.1728515625 0.4404296875 0.169921875 0.185546875
0 0.3173828125 0.4658203125 0.107421875 0.119140625
0 0.439453125 0.4677734375 0.12109375 0.115234375
0 0.5673828125 0.46875 0.119140625 0.11328125
0 0.7001953125 0.4677734375 0.123046875 0.111328125
