0 0.14453125 0.154296875 0.2109375 0.14453125
0 0.3544921875 0.1513671875 0.189453125 0.123046875
0 0.61328125 0.1572265625 0.18359375 0.146484375
0 0.806640625 0.158203125 0.19140625 0.14453125
0 0.955078125 0.1796875 0.08203125 0.1015625
0 0.1103515625 0.279296875 0.119140625 0.09765625
0 0.23828125 0.2822265625 0.1171875 0.099609375
0 0.3662109375 0.28125 0.123046875 0.09765625
0 0.490234375 0.2802734375 0.109375 0.103515625
0 0.177734375 0.4140625 0.12890625 0.140625
0 0.3388671875 0.404296875 0.173828125 0.1328125
0 0.5205078125 0.4267578125 0.095703125 0.087890625
0 0.642578125 0.41796875 0.125 0.1015625
0 0.767578125 0.419921875 0.1171875 0.09375
0 0.8896484375 0.41796875 0.119140625 0.09765625
