0 0.1416015625 0.1630859375 0.162109375 0.154296875
0 0.3203125 0.162109375 0.16796875 0.16015625
0 0.5126953125 0.1650390625 0.177734375 0.162109375
0 0.6904296875 0.166015625 0.158203125 0.15234375
0 0.828125 0.125 0.08984375 0.08203125
0 0.8310546875 0.208984375 0.083984375 0.078125
0 0.9384765625 0.1875 0.119140625 0.11328125
0 0.130859375 0.326171875 0.18359375 0.140625
0 0.318359375 0.328125 0.1640625 0.140625
0 0.494140625 0.328125 0.171875 0.140625
0 0.681640625 0.3291015625 0.1796875 0.142578125
