0 0.0693359375 0.0703125 0.087890625 0.078125
0 0.1552734375 0.06640625 0.072265625 0.06640625
0 0.2451171875 0.0615234375 0.083984375 0.080078125
0 0.4169921875 0.068359375 0.080078125 0.09765625
0 0.509765625 0.0693359375 0.08203125 0.083984375
0 0.5947265625 0.0693359375 0.072265625 0.083984375
0 0.6650390625 0.0771484375 0.056640625 0.072265625
0 0.7265625 0.078125 0.05859375 0.0703125
0 0.798828125 0.0634765625 0.07421875 0.091796875
0 0.865234375 0.0791015625 0.046875 0.072265625
0 0.9306640625 0.0625 0.076171875 0.0859375
