0 0.501953125 0.19140625 0.09375 0.0546875
0 0.501953125 0.2470703125 0.0859375 0.048828125
0 0.501953125 0.298828125 0.1015625 0.0546875
0 0.501953125 0.353515625 0.09375 0.046875
0 0.5029296875 0.4072265625 0.095703125 0.056640625
0 0.5029296875 0.4609375 0.091796875 0.0390625
0 0.4990234375 0.5146484375 0.087890625 0.052734375
0 0.5 0.568359375 0.0859375 0.05078125
0 0.498046875 0.62109375 0.05859375 0.046875
0 0.4931640625 0.677734375 0.087890625 0.0546875
0 0.4951171875 0.7314453125 0.095703125 0.048828125
