0 0.212890625 0.1376953125 0.07421875 0.056640625
0 0.291015625 0.138671875 0.06640625 0.0546875
0 0.3671875 0.138671875 0.07421875 0.0546875
0 0.4462890625 0.138671875 0.056640625 0.05078125
0 0.51953125 0.138671875 0.07421875 0.0546875
0 0.5986328125 0.138671875 0.072265625 0.05078125
0 0.67578125 0.138671875 0.08203125 0.0546875
0 0.7529296875 0.1376953125 0.052734375 0.056640625
0 0.3671875 0.201171875 0.07421875 0.0546875
0 0.4453125 0.203125 0.06640625 0.0546875
0 0.5205078125 0.201171875 0.072265625 0.046875
0 0.599609375 0.2041015625 0.07421875 0.052734375
