0 0.3232421875 0.072265625 0.080078125 0.06640625
0 0.408203125 0.076171875 0.078125 0.05859375
0 0.4892578125 0.07421875 0.072265625 0.0625
0 0.572265625 0.076171875 0.078125 0.05859375
0 0.65234375 0.0751953125 0.078125 0.056640625
0 0.736328125 0.0751953125 0.07421875 0.060546875
0 0.8154296875 0.0771484375 0.072265625 0.060546875
0 0.8974609375 0.0771484375 0.076171875 0.052734375
0 0.263671875 0.1962890625 0.2109375 0.130859375
0 0.474609375 0.19140625 0.19140625 0.1328125
0 0.634765625 0.208984375 0.109375 0.078125
0 0.7783203125 0.193359375 0.166015625 0.12109375
