0 0.248046875 0.169921875 0.08984375 0.13671875
0 0.333984375 0.193359375 0.05859375 0.09375
0 0.4267578125 0.1708984375 0.107421875 0.138671875
0 0.5390625 0.1689453125 0.09765625 0.142578125
0 0.650390625 0.171875 0.10546875 0.13671875
0 0.7685546875 0.1689453125 0.103515625 0.146484375
0 0.8857421875 0.169921875 0.107421875 0.14453125
0 0.0615234375 0.3056640625 0.064453125 0.068359375
0 0.1376953125 0.2978515625 0.087890625 0.091796875
0 0.228515625 0.2978515625 0.07421875 0.095703125
0 0.3134765625 0.2958984375 0.083984375 0.087890625
0 0.4033203125 0.294921875 0.080078125 0.08984375
0 0.4873046875 0.294921875 0.068359375 0.08984375
0 0.572265625 0.296875 0.08203125 0.09375
0 0.6572265625 0.294921875 0.080078125 0.08984375
0 0.7451171875 0.2958984375 0.083984375 0.080078125
0 0.826171875 0.2978515625 0.06640625 0.091796875
0 0.908203125 0.298828125 0.0859375 0.09375
