0 0.802734375 0.064453125 0.14453125 0.09765625
0 0.8017578125 0.162109375 0.142578125 0.0859375
0 0.802734375 0.25390625 0.12890625 0.08984375
0 0.658203125 0.068359375 0.13671875 0.09375
0 0.6591796875 0.1630859375 0.130859375 0.091796875
0 0.662109375 0.26171875 0.13671875 0.09375
0 0.6630859375 0.3544921875 0.126953125 0.087890625
0 0.6630859375 0.4423828125 0.123046875 0.080078125
0 0.6689453125 0.533203125 0.123046875 0.08984375
0 0.5205078125 0.0693359375 0.126953125 0.083984375
0 0.521484375 0.1611328125 0.13671875 0.087890625
0 0.51953125 0.25 0.11328125 0.08984375
0 0.5224609375 0.3447265625 0.138671875 0.091796875
