0 0.1875 0.103515625 0.09375 0.07421875
0 0.2880859375 0.1025390625 0.095703125 0.072265625
0 0.3779296875 0.1025390625 0.072265625 0.072265625
0 0.466796875 0.103515625 0.09375 0.0703125
0 0.5673828125 0.103515625 0.091796875 0.0703125
0 0.662109375 0.1025390625 0.0859375 0.068359375
0 0.7529296875 0.1025390625 0.083984375 0.068359375
0 0.169921875 0.18359375 0.09765625 0.06640625
0 0.263671875 0.185546875 0.07421875 0.06640625
0 0.353515625 0.18359375 0.08203125 0.0703125
0 0.4482421875 0.1845703125 0.095703125 0.068359375
0 0.5478515625 0.18359375 0.091796875 0.0703125
0 0.6376953125 0.18359375 0.076171875 0.06640625
0 0.728515625 0.18359375 0.08984375 0.06640625
0 0.8251953125 0.1845703125 0.091796875 0.068359375
