0 0.8837890625 0.083984375 0.134765625 0.08203125
0 0.880859375 0.166015625 0.1328125 0.078125
0 0.880859375 0.2451171875 0.1328125 0.076171875
0 0.7392578125 0.0830078125 0.119140625 0.072265625
0 0.7373046875 0.1630859375 0.126953125 0.072265625
0 0.7373046875 0.240234375 0.134765625 0.0703125
0 0.7333984375 0.3212890625 0.103515625 0.076171875
0 0.7392578125 0.4013671875 0.099609375 0.072265625
0 0.7373046875 0.48046875 0.134765625 0.078125
0 0.7373046875 0.5615234375 0.138671875 0.076171875
0 0.7314453125 0.6435546875 0.134765625 0.068359375
0 0.5966796875 0.080078125 0.115234375 0.06640625
0 0.599609375 0.154296875 0.1328125 0.0703125
0 0.5947265625 0.232421875 0.126953125 0.07421875
0 0.59765625 0.3134765625 0.1328125 0.072265625
0 0.59375 0.392578125 0.12109375 0.0703125
0 0.5947265625 0.466796875 0.126953125 0.06640625
0 0.609375 0.544921875 0.09765625 0.078125
