0 0.16796875 0.2265625 0.0546875 0.0546875
0 0.2275390625 0.2265625 0.056640625 0.05078125
0 0.2861328125 0.2255859375 0.052734375 0.048828125
0 0.3408203125 0.2265625 0.048828125 0.046875
0 0.3984375 0.2275390625 0.05078125 0.048828125
0 0.45703125 0.2275390625 0.0546875 0.048828125
0 0.5126953125 0.228515625 0.052734375 0.05078125
0 0.5732421875 0.2265625 0.056640625 0.05078125
0 0.6298828125 0.228515625 0.052734375 0.05078125
0 0.6875 0.2275390625 0.05078125 0.048828125
0 0.7421875 0.228515625 0.05078125 0.05078125
0 0.8046875 0.2265625 0.05078125 0.0546875
