0 0.697265625 0.048828125 0.06640625 0.03515625
0 0.701171875 0.0888671875 0.05078125 0.033203125
0 0.6923828125 0.1279296875 0.056640625 0.037109375
0 0.69921875 0.1708984375 0.05078125 0.037109375
0 0.6982421875 0.212890625 0.064453125 0.03125
0 0.7001953125 0.255859375 0.048828125 0.04296875
0 0.6953125 0.30078125 0.0703125 0.03515625
0 0.6982421875 0.3447265625 0.056640625 0.029296875
0 0.6962890625 0.390625 0.060546875 0.04296875
0 0.701171875 0.43359375 0.05078125 0.0390625
0 0.7001953125 0.478515625 0.052734375 0.04296875
0 0.7001953125 0.521484375 0.052734375 0.03125
