0 0.1025390625 0.1181640625 0.107421875 0.080078125
0 0.220703125 0.119140625 0.1015625 0.0859375
0 0.32421875 0.126953125 0.08203125 0.06640625
0 0.419921875 0.1181640625 0.08984375 0.087890625
0 0.5302734375 0.12109375 0.107421875 0.078125
0 0.1015625 0.2060546875 0.10546875 0.072265625
0 0.2119140625 0.2041015625 0.099609375 0.068359375
0 0.3125 0.2060546875 0.078125 0.072265625
0 0.41015625 0.2041015625 0.09765625 0.072265625
0 0.5087890625 0.2109375 0.076171875 0.0625
0 0.6064453125 0.2041015625 0.103515625 0.072265625
0 0.720703125 0.203125 0.11328125 0.0859375
0 0.84375 0.203125 0.11328125 0.0859375
