0 0.13671875 0.2060546875 0.1171875 0.126953125
0 0.267578125 0.2060546875 0.109375 0.123046875
0 0.4033203125 0.203125 0.111328125 0.12109375
0 0.541015625 0.2060546875 0.1171875 0.119140625
0 0.681640625 0.205078125 0.12109375 0.12109375
0 0.810546875 0.20703125 0.109375 0.125
0 0.9326171875 0.2060546875 0.095703125 0.123046875
0 0.357421875 0.3310546875 0.12109375 0.115234375
0 0.4765625 0.328125 0.10546875 0.1171875
0 0.58984375 0.330078125 0.109375 0.10546875
0 0.7099609375 0.3310546875 0.111328125 0.119140625
0 0.81640625 0.33203125 0.08984375 0.109375
0 0.92578125 0.33203125 0.109375 0.125
