0 0.25 0.083984375 0.08984375 0.0546875
0 0.2529296875 0.1513671875 0.095703125 0.056640625
0 0.2490234375 0.21484375 0.087890625 0.0625
0 0.2490234375 0.2802734375 0.091796875 0.060546875
0 0.255859375 0.3427734375 0.08984375 0.052734375
0 0.150390625 0.0849609375 0.08203125 0.064453125
0 0.150390625 0.1533203125 0.09765625 0.064453125
0 0.162109375 0.2001953125 0.05859375 0.025390625
0 0.15234375 0.2431640625 0.09375 0.056640625
0 0.1435546875 0.2978515625 0.103515625 0.044921875
0 0.1484375 0.3447265625 0.08984375 0.044921875
