0 0.123046875 0.111328125 0.18359375 0.140625
0 0.3203125 0.1103515625 0.19140625 0.146484375
0 0.515625 0.111328125 0.1796875 0.1484375
0 0.6884765625 0.111328125 0.123046875 0.1328125
0 0.859375 0.111328125 0.19140625 0.14453125
0 0.1142578125 0.2509765625 0.150390625 0.119140625
0 0.2734375 0.2529296875 0.14453125 0.111328125
0 0.5751953125 0.2509765625 0.150390625 0.111328125
0 0.734375 0.2509765625 0.1328125 0.111328125
0 0.1162109375 0.3916015625 0.142578125 0.099609375
0 0.267578125 0.3876953125 0.12890625 0.095703125
0 0.43359375 0.38671875 0.09375 0.109375
0 0.58203125 0.380859375 0.13671875 0.109375
0 0.728515625 0.40234375 0.1171875 0.08203125
0 0.8818359375 0.388671875 0.126953125 0.109375
