0 0.0927734375 0.1142578125 0.083984375 0.064453125
0 0.201171875 0.11328125 0.08984375 0.0625
0 0.3095703125 0.1142578125 0.091796875 0.064453125
0 0.4228515625 0.11328125 0.099609375 0.05859375
0 0.541015625 0.11328125 0.11328125 0.0625
0 0.6630859375 0.1162109375 0.099609375 0.068359375
0 0.7841796875 0.1142578125 0.103515625 0.076171875
0 0.8935546875 0.11328125 0.091796875 0.0625
0 0.150390625 0.2158203125 0.07421875 0.072265625
0 0.3046875 0.2158203125 0.08984375 0.064453125
0 0.4140625 0.216796875 0.09765625 0.0703125
0 0.5263671875 0.2138671875 0.095703125 0.060546875
0 0.642578125 0.2158203125 0.09375 0.072265625
0 0.75 0.2177734375 0.08203125 0.068359375
0 0.8544921875 0.2177734375 0.072265625 0.064453125
