0 0.1025390625 0.2763671875 0.091796875 0.087890625
0 0.208984375 0.2734375 0.08984375 0.0859375
0 0.32421875 0.2744140625 0.1171875 0.080078125
0 0.447265625 0.2763671875 0.08984375 0.083984375
0 0.568359375 0.2734375 0.12890625 0.0859375
0 0.7099609375 0.275390625 0.130859375 0.09375
0 0.8759765625 0.2763671875 0.126953125 0.076171875
0 0.166015625 0.3935546875 0.14453125 0.091796875
0 0.29296875 0.390625 0.09375 0.08984375
0 0.4189453125 0.3857421875 0.126953125 0.087890625
0 0.552734375 0.3896484375 0.12109375 0.072265625
0 0.6982421875 0.392578125 0.138671875 0.09765625
0 0.830078125 0.392578125 0.09765625 0.08984375
