0 0.2021484375 0.1728515625 0.326171875 0.177734375
0 0.537109375 0.173828125 0.3203125 0.18359375
0 0.73046875 0.22265625 0.0546875 0.05859375
0 0.125 0.3623046875 0.2421875 0.189453125
0 0.3720703125 0.3603515625 0.224609375 0.185546875
0 0.63671875 0.3623046875 0.2265625 0.189453125
0 0.8564453125 0.36328125 0.197265625 0.19140625
0 0.9765625 0.3896484375 0.04296875 0.048828125
0 0.169921875 0.5341796875 0.1796875 0.142578125
0 0.36328125 0.5361328125 0.19140625 0.138671875
0 0.5556640625 0.5361328125 0.166015625 0.138671875
0 0.73046875 0.537109375 0.1328125 0.13671875
0 0.8828125 0.5380859375 0.1484375 0.134765625
