0 0.8857421875 0.0810546875 0.201171875 0.150390625
0 0.8896484375 0.2265625 0.216796875 0.12890625
0 0.888671875 0.359375 0.14453125 0.125
0 0.8955078125 0.4951171875 0.177734375 0.123046875
0 0.880859375 0.6064453125 0.23046875 0.083984375
0 0.6630859375 0.0751953125 0.208984375 0.138671875
0 0.6689453125 0.220703125 0.201171875 0.125
0 0.669921875 0.3583984375 0.2109375 0.123046875
0 0.44921875 0.0791015625 0.19921875 0.142578125
0 0.453125 0.2294921875 0.1875 0.142578125
0 0.4462890625 0.3623046875 0.193359375 0.099609375
0 0.4580078125 0.5 0.169921875 0.1328125
0 0.4482421875 0.6376953125 0.212890625 0.130859375
