0 0.673828125 0.1708984375 0.12890625 0.080078125
0 0.677734375 0.265625 0.12890625 0.08984375
0 0.6787109375 0.35546875 0.103515625 0.078125
0 0.6767578125 0.4423828125 0.134765625 0.080078125
0 0.685546875 0.53515625 0.10546875 0.078125
0 0.4951171875 0.177734375 0.123046875 0.08203125
0 0.498046875 0.267578125 0.09375 0.0859375
0 0.5 0.35546875 0.12109375 0.078125
0 0.4951171875 0.4482421875 0.123046875 0.076171875
0 0.30859375 0.1767578125 0.1171875 0.083984375
0 0.3095703125 0.267578125 0.126953125 0.078125
0 0.3115234375 0.3583984375 0.123046875 0.076171875
0 0.3095703125 0.447265625 0.126953125 0.0859375
