0 0.693359375 0.0888671875 0.21875 0.115234375
0 0.6904296875 0.201171875 0.205078125 0.09765625
0 0.6904296875 0.3154296875 0.216796875 0.107421875
0 0.689453125 0.4326171875 0.203125 0.115234375
0 0.419921875 0.0888671875 0.171875 0.095703125
0 0.419921875 0.185546875 0.18359375 0.08203125
0 0.4228515625 0.2802734375 0.185546875 0.095703125
0 0.421875 0.3837890625 0.171875 0.099609375
0 0.154296875 0.091796875 0.1875 0.109375
0 0.1513671875 0.20703125 0.193359375 0.11328125
0 0.1474609375 0.328125 0.197265625 0.11328125
