0 0.8232421875 0.05078125 0.080078125 0.0625
0 0.822265625 0.1279296875 0.0703125 0.056640625
0 0.8251953125 0.2060546875 0.060546875 0.056640625
0 0.6865234375 0.0458984375 0.076171875 0.048828125
0 0.685546875 0.1298828125 0.07421875 0.048828125
0 0.6865234375 0.2109375 0.087890625 0.04296875
0 0.6865234375 0.291015625 0.072265625 0.05859375
0 0.7001953125 0.36328125 0.060546875 0.05078125
0 0.5458984375 0.0517578125 0.072265625 0.056640625
0 0.5517578125 0.1298828125 0.087890625 0.052734375
0 0.5478515625 0.2099609375 0.087890625 0.064453125
