0 0.1923828125 0.048828125 0.091796875 0.05078125
0 0.1982421875 0.1064453125 0.091796875 0.060546875
0 0.1982421875 0.171875 0.091796875 0.0546875
0 0.201171875 0.2646484375 0.09375 0.056640625
0 0.2060546875 0.326171875 0.099609375 0.05859375
0 0.2138671875 0.3837890625 0.068359375 0.052734375
0 0.2041015625 0.4384765625 0.099609375 0.052734375
0 0.2099609375 0.5 0.068359375 0.0625
0 0.2099609375 0.564453125 0.087890625 0.05859375
0 0.0849609375 0.0478515625 0.087890625 0.048828125
0 0.0888671875 0.1083984375 0.091796875 0.064453125
0 0.087890625 0.1767578125 0.09375 0.056640625
0 0.0859375 0.240234375 0.10546875 0.06640625
0 0.048828125 0.30859375 0.03125 0.0546875
0 0.0869140625 0.306640625 0.037109375 0.0546875
0 0.130859375 0.3095703125 0.03515625 0.056640625
0 0.091796875 0.3701171875 0.08984375 0.060546875
0 0.09375 0.431640625 0.08984375 0.0546875
0 0.095703125 0.498046875 0.09375 0.05859375
0 0.0966796875 0.564453125 0.095703125 0.0625
