0 0.140625 0.1025390625 0.07421875 0.201171875
0 0.23046875 0.1005859375 0.08984375 0.197265625
0 0.341796875 0.1025390625 0.09375 0.201171875
0 0.435546875 0.1669921875 0.07421875 0.076171875
0 0.515625 0.16796875 0.07421875 0.07421875
0 0.591796875 0.16796875 0.0625 0.06640625
0 0.673828125 0.1640625 0.0703125 0.06640625
0 0.736328125 0.16796875 0.046875 0.05859375
0 0.7958984375 0.1640625 0.064453125 0.0703125
0 0.859375 0.1689453125 0.05078125 0.064453125
0 0.140625 0.25 0.07421875 0.078125
0 0.2197265625 0.25 0.076171875 0.0703125
0 0.294921875 0.251953125 0.06640625 0.0625
0 0.369140625 0.2529296875 0.0703125 0.076171875
0 0.4375 0.251953125 0.0546875 0.0625
0 0.4931640625 0.2509765625 0.044921875 0.064453125
0 0.583984375 0.2763671875 0.11328125 0.115234375
0 0.7060546875 0.275390625 0.115234375 0.109375
0 0.8291015625 0.2763671875 0.119140625 0.115234375
