0 0.0478515625 0.228515625 0.064453125 0.06640625
0 0.1162109375 0.2265625 0.060546875 0.0625
0 0.1796875 0.228515625 0.05859375 0.05078125
0 0.2431640625 0.2255859375 0.056640625 0.052734375
0 0.30859375 0.23046875 0.0625 0.05859375
0 0.3701171875 0.228515625 0.052734375 0.0546875
0 0.435546875 0.224609375 0.0625 0.0625
0 0.501953125 0.2265625 0.05859375 0.0625
0 0.5703125 0.22265625 0.0625 0.0625
0 0.638671875 0.2236328125 0.0625 0.060546875
0 0.703125 0.2265625 0.0546875 0.05078125
0 0.76953125 0.2216796875 0.0625 0.060546875
0 0.841796875 0.2216796875 0.06640625 0.060546875
0 0.904296875 0.2236328125 0.046875 0.056640625
0 0.6318359375 0.3017578125 0.068359375 0.064453125
0 0.7041015625 0.3017578125 0.060546875 0.060546875
0 0.7685546875 0.3037109375 0.056640625 0.052734375
0 0.833984375 0.30078125 0.0625 0.0625
0 0.90625 0.30078125 0.06640625 0.06640625
