0 0.1015625 0.083984375 0.11328125 0.11328125
0 0.2216796875 0.0849609375 0.115234375 0.107421875
0 0.34375 0.083984375 0.109375 0.11328125
0 0.46484375 0.080078125 0.109375 0.1015625
0 0.5771484375 0.0810546875 0.091796875 0.107421875
0 0.68359375 0.080078125 0.1015625 0.1015625
0 0.791015625 0.0771484375 0.1015625 0.103515625
0 0.90625 0.0810546875 0.11328125 0.099609375
0 0.453125 0.2275390625 0.16015625 0.126953125
0 0.646484375 0.220703125 0.1640625 0.13671875
0 0.8388671875 0.2236328125 0.197265625 0.158203125
0 0.705078125 0.388671875 0.16796875 0.140625
0 0.880859375 0.392578125 0.15625 0.14453125
