0 0.1142578125 0.185546875 0.123046875 0.0859375
0 0.23828125 0.1884765625 0.109375 0.076171875
0 0.3603515625 0.181640625 0.111328125 0.08203125
0 0.4794921875 0.181640625 0.103515625 0.08203125
0 0.5966796875 0.1865234375 0.107421875 0.083984375
0 0.103515625 0.28125 0.1171875 0.08203125
0 0.2119140625 0.291015625 0.076171875 0.0625
0 0.322265625 0.279296875 0.1171875 0.0859375
0 0.486328125 0.279296875 0.11328125 0.0859375
0 0.658203125 0.28125 0.1171875 0.078125
0 0.8701171875 0.283203125 0.091796875 0.08984375
