0 0.1298828125 0.146484375 0.130859375 0.10546875
0 0.265625 0.1474609375 0.12890625 0.103515625
0 0.4013671875 0.1484375 0.126953125 0.10546875
0 0.5029296875 0.1669921875 0.060546875 0.048828125
0 0.609375 0.1474609375 0.125 0.103515625
0 0.7431640625 0.1455078125 0.126953125 0.099609375
0 0.8818359375 0.146484375 0.126953125 0.1015625
0 0.1337890625 0.26171875 0.138671875 0.109375
0 0.2705078125 0.2578125 0.123046875 0.10546875
0 0.40625 0.259765625 0.125 0.1015625
0 0.5458984375 0.2607421875 0.134765625 0.107421875
0 0.6611328125 0.28125 0.076171875 0.05859375
0 0.1328125 0.3779296875 0.125 0.103515625
0 0.265625 0.3759765625 0.12890625 0.111328125
0 0.4033203125 0.376953125 0.123046875 0.10546875
0 0.529296875 0.375 0.1015625 0.1015625
0 0.65625 0.375 0.125 0.09765625
0 0.7880859375 0.3759765625 0.115234375 0.099609375
