0 0.1513671875 0.107421875 0.103515625 0.09765625
0 0.2646484375 0.10546875 0.111328125 0.09765625
0 0.3828125 0.1083984375 0.11328125 0.095703125
0 0.5 0.111328125 0.109375 0.09375
0 0.6171875 0.1103515625 0.109375 0.091796875
0 0.732421875 0.107421875 0.109375 0.09375
0 0.853515625 0.111328125 0.11328125 0.09375
0 0.16015625 0.212890625 0.09765625 0.07421875
0 0.26171875 0.2109375 0.08984375 0.078125
0 0.353515625 0.212890625 0.07421875 0.08203125
0 0.4443359375 0.208984375 0.091796875 0.07421875
0 0.525390625 0.220703125 0.06640625 0.05859375
0 0.6181640625 0.2119140625 0.091796875 0.072265625
