0 0.833984375 0.095703125 0.1328125 0.0859375
0 0.8388671875 0.203125 0.130859375 0.09765625
0 0.8603515625 0.2841796875 0.076171875 0.048828125
0 0.83984375 0.36328125 0.09765625 0.07421875
0 0.6279296875 0.080078125 0.087890625 0.109375
0 0.6328125 0.1943359375 0.078125 0.083984375
0 0.62890625 0.2763671875 0.11328125 0.052734375
0 0.630859375 0.3642578125 0.0703125 0.080078125
0 0.6298828125 0.4560546875 0.095703125 0.064453125
0 0.642578125 0.5478515625 0.09765625 0.091796875
0 0.4326171875 0.0849609375 0.142578125 0.083984375
0 0.44140625 0.1689453125 0.0546875 0.041015625
0 0.4267578125 0.24609375 0.095703125 0.0859375
0 0.4326171875 0.3349609375 0.107421875 0.056640625
0 0.43359375 0.416015625 0.140625 0.0703125
0 0.427734375 0.5166015625 0.109375 0.095703125
0 0.4296875 0.6220703125 0.15625 0.087890625
