0 0.224609375 0.1162109375 0.12109375 0.099609375
0 0.3486328125 0.119140625 0.111328125 0.10546875
0 0.4423828125 0.1337890625 0.064453125 0.068359375
0 0.5341796875 0.1171875 0.107421875 0.1015625
0 0.65234375 0.1162109375 0.1015625 0.099609375
0 0.7705078125 0.119140625 0.115234375 0.10546875
0 0.078125 0.2216796875 0.11328125 0.103515625
0 0.19140625 0.2265625 0.1015625 0.09375
0 0.3017578125 0.2265625 0.095703125 0.1015625
0 0.4052734375 0.228515625 0.080078125 0.10546875
0 0.5087890625 0.2236328125 0.095703125 0.099609375
0 0.5947265625 0.2431640625 0.064453125 0.060546875
0 0.6884765625 0.2255859375 0.107421875 0.107421875
0 0.8046875 0.228515625 0.09765625 0.1015625
0 0.9248046875 0.2255859375 0.111328125 0.103515625
