0 0.0634765625 0.37890625 0.041015625 0.05078125
0 0.1142578125 0.37890625 0.041015625 0.05078125
0 0.158203125 0.37890625 0.0390625 0.05078125
0 0.205078125 0.37890625 0.04296875 0.05078125
0 0.2666015625 0.37890625 0.068359375 0.05078125
0 0.3359375 0.3779296875 0.05078125 0.044921875
0 0.458984375 0.3759765625 0.0546875 0.037109375
0 0.5205078125 0.3759765625 0.048828125 0.044921875
0 0.578125 0.3759765625 0.046875 0.044921875
0 0.6298828125 0.37890625 0.048828125 0.03515625
0 0.6875 0.375 0.05859375 0.04296875
0 0.7548828125 0.3740234375 0.060546875 0.041015625
0 0.8271484375 0.3759765625 0.068359375 0.052734375
0 0.9072265625 0.3759765625 0.064453125 0.052734375
