0 0.5947265625 0.2724609375 0.056640625 0.037109375
0 0.6484375 0.2734375 0.03515625 0.03515625
0 0.701171875 0.2705078125 0.05078125 0.044921875
0 0.751953125 0.2724609375 0.04296875 0.037109375
0 0.5947265625 0.3173828125 0.056640625 0.037109375
0 0.6474609375 0.3203125 0.033203125 0.02734375
0 0.751953125 0.318359375 0.04296875 0.0390625
0 0.8544921875 0.31640625 0.044921875 0.0390625
0 0.5947265625 0.361328125 0.056640625 0.0390625
0 0.6484375 0.3623046875 0.03515625 0.041015625
0 0.6943359375 0.359375 0.048828125 0.04296875
