0 0.1640625 0.2099609375 0.07421875 0.091796875
0 0.2373046875 0.2109375 0.060546875 0.08203125
0 0.3134765625 0.2099609375 0.068359375 0.080078125
0 0.384765625 0.212890625 0.06640625 0.0859375
0 0.4599609375 0.212890625 0.064453125 0.08203125
0 0.5322265625 0.2109375 0.064453125 0.08203125
0 0.6044921875 0.2138671875 0.060546875 0.080078125
0 0.6748046875 0.21484375 0.068359375 0.08203125
0 0.75390625 0.21484375 0.0703125 0.078125
0 0.826171875 0.212890625 0.06640625 0.08203125
0 0.447265625 0.2978515625 0.046875 0.060546875
0 0.4951171875 0.2978515625 0.029296875 0.048828125
0 0.544921875 0.298828125 0.0546875 0.0546875
