0 0.0888671875 0.0595703125 0.091796875 0.076171875
0 0.1865234375 0.0595703125 0.083984375 0.076171875
0 0.16796875 0.130859375 0.08984375 0.05859375
0 0.3115234375 0.0966796875 0.150390625 0.123046875
0 0.4794921875 0.09765625 0.166015625 0.1328125
0 0.6962890625 0.095703125 0.150390625 0.125
0 0.8662109375 0.095703125 0.158203125 0.125
0 0.0869140625 0.2021484375 0.087890625 0.080078125
0 0.18359375 0.203125 0.078125 0.0703125
0 0.166015625 0.2802734375 0.08203125 0.060546875
0 0.3134765625 0.2412109375 0.166015625 0.126953125
0 0.486328125 0.240234375 0.16015625 0.12890625
0 0.6962890625 0.2412109375 0.154296875 0.126953125
0 0.865234375 0.2451171875 0.15625 0.126953125
0 0.515625 0.380859375 0.13671875 0.12109375
0 0.26171875 0.51953125 0.16015625 0.140625
0 0.4287109375 0.5166015625 0.146484375 0.134765625
0 0.59375 0.5166015625 0.1484375 0.130859375
0 0.767578125 0.513671875 0.15625 0.12890625
0 0.9052734375 0.5205078125 0.095703125 0.087890625
0 0.7041015625 0.6640625 0.166015625 0.12890625
0 0.8779296875 0.6630859375 0.146484375 0.126953125
