0 0.6943359375 0.140625 0.212890625 0.109375
0 0.7001953125 0.2529296875 0.197265625 0.091796875
0 0.7099609375 0.4697265625 0.181640625 0.099609375
0 0.7060546875 0.607421875 0.103515625 0.0546875
0 0.4951171875 0.0771484375 0.158203125 0.103515625
0 0.4951171875 0.181640625 0.146484375 0.0859375
0 0.494140625 0.279296875 0.13671875 0.0859375
0 0.5 0.353515625 0.1015625 0.05078125
0 0.5029296875 0.43359375 0.142578125 0.08984375
0 0.494140625 0.5322265625 0.16015625 0.087890625
0 0.4970703125 0.6142578125 0.115234375 0.068359375
0 0.2861328125 0.0810546875 0.158203125 0.095703125
0 0.306640625 0.1689453125 0.1171875 0.060546875
0 0.287109375 0.2509765625 0.15234375 0.099609375
