0 0.09765625 0.19140625 0.09375 0.08203125
0 0.1962890625 0.1923828125 0.083984375 0.080078125
0 0.2939453125 0.1923828125 0.091796875 0.080078125
0 0.09765625 0.279296875 0.09765625 0.07421875
0 0.1982421875 0.275390625 0.087890625 0.07421875
0 0.2939453125 0.27734375 0.091796875 0.0703125
0 0.390625 0.2763671875 0.08203125 0.068359375
0 0.4853515625 0.275390625 0.087890625 0.0625
0 0.1005859375 0.365234375 0.091796875 0.07421875
0 0.19921875 0.3642578125 0.08984375 0.072265625
0 0.337890625 0.361328125 0.09375 0.0703125
0 0.443359375 0.361328125 0.09375 0.08203125
