0 0.0947265625 0.1435546875 0.111328125 0.080078125
0 0.2158203125 0.1435546875 0.091796875 0.080078125
0 0.3310546875 0.146484375 0.111328125 0.078125
0 0.439453125 0.1474609375 0.07421875 0.080078125
0 0.5517578125 0.150390625 0.107421875 0.078125
0 0.6728515625 0.1494140625 0.111328125 0.076171875
0 0.7958984375 0.146484375 0.103515625 0.078125
0 0.9130859375 0.150390625 0.095703125 0.0703125
0 0.1435546875 0.2900390625 0.189453125 0.142578125
0 0.3544921875 0.2880859375 0.189453125 0.146484375
0 0.68359375 0.294921875 0.16015625 0.15234375
0 0.8564453125 0.296875 0.162109375 0.15625
