0 0.2236328125 0.078125 0.107421875 0.078125
0 0.3359375 0.0771484375 0.09765625 0.072265625
0 0.4404296875 0.078125 0.099609375 0.07421875
0 0.544921875 0.078125 0.09765625 0.0703125
0 0.6494140625 0.0791015625 0.099609375 0.072265625
0 0.7548828125 0.080078125 0.099609375 0.07421875
0 0.861328125 0.080078125 0.09375 0.0703125
0 0.5390625 0.166015625 0.1015625 0.07421875
0 0.6494140625 0.166015625 0.099609375 0.07421875
0 0.7568359375 0.1669921875 0.095703125 0.072265625
0 0.861328125 0.1669921875 0.09375 0.072265625
