0 0.7734375 0.107421875 0.1328125 0.08984375
0 0.7685546875 0.1943359375 0.123046875 0.080078125
0 0.7724609375 0.2900390625 0.126953125 0.091796875
0 0.7724609375 0.3837890625 0.126953125 0.091796875
0 0.7705078125 0.4755859375 0.119140625 0.087890625
0 0.77734375 0.56640625 0.1328125 0.09375
0 0.775390625 0.6611328125 0.13671875 0.087890625
0 0.7734375 0.755859375 0.1328125 0.09375
0 0.7705078125 0.84765625 0.119140625 0.0703125
0 0.59375 0.10546875 0.14453125 0.09375
0 0.59765625 0.1982421875 0.13671875 0.087890625
0 0.595703125 0.2900390625 0.09765625 0.080078125
0 0.5986328125 0.3828125 0.134765625 0.08984375
0 0.5966796875 0.4794921875 0.123046875 0.095703125
