0 0.05859375 0.06640625 0.09765625 0.0859375
0 0.2509765625 0.068359375 0.072265625 0.07421875
0 0.34765625 0.0654296875 0.0859375 0.076171875
0 0.5927734375 0.0673828125 0.083984375 0.072265625
0 0.6923828125 0.068359375 0.091796875 0.0703125
0 0.796875 0.0615234375 0.1015625 0.076171875
0 0.9052734375 0.0673828125 0.091796875 0.072265625
0 0.0556640625 0.1572265625 0.107421875 0.080078125
0 0.162109375 0.154296875 0.0859375 0.07421875
0 0.2607421875 0.154296875 0.091796875 0.0703125
0 0.36328125 0.1533203125 0.08203125 0.076171875
