0 0.875 0.09375 0.15625 0.1171875
0 0.8779296875 0.21484375 0.150390625 0.11328125
0 0.8759765625 0.333984375 0.146484375 0.11328125
0 0.876953125 0.4541015625 0.1484375 0.115234375
0 0.876953125 0.5693359375 0.14453125 0.103515625
0 0.7021484375 0.0908203125 0.134765625 0.111328125
0 0.6962890625 0.2109375 0.123046875 0.1171875
0 0.697265625 0.3310546875 0.1484375 0.111328125
0 0.7001953125 0.4482421875 0.154296875 0.115234375
0 0.6982421875 0.568359375 0.154296875 0.1171875
0 0.52734375 0.076171875 0.15234375 0.08984375
0 0.5263671875 0.18359375 0.138671875 0.10546875
0 0.525390625 0.2958984375 0.1484375 0.107421875
