0 0.1474609375 0.126953125 0.224609375 0.1875
0 0.3388671875 0.1669921875 0.146484375 0.095703125
0 0.490234375 0.169921875 0.140625 0.09375
0 0.1474609375 0.3115234375 0.232421875 0.169921875
0 0.38671875 0.3076171875 0.22265625 0.169921875
0 0.6201171875 0.306640625 0.224609375 0.17578125
0 0.859375 0.3076171875 0.23046875 0.173828125
0 0.1455078125 0.513671875 0.201171875 0.22265625
0 0.322265625 0.453125 0.125 0.08984375
0 0.318359375 0.572265625 0.09375 0.06640625
0 0.42578125 0.5751953125 0.09765625 0.076171875
0 0.5283203125 0.5732421875 0.095703125 0.072265625
0 0.634765625 0.5732421875 0.09765625 0.072265625
