0 0.169921875 0.115234375 0.20703125 0.140625
0 0.390625 0.11328125 0.21875 0.13671875
0 0.6142578125 0.11328125 0.208984375 0.13671875
0 0.1669921875 0.2685546875 0.212890625 0.138671875
0 0.3916015625 0.2666015625 0.212890625 0.142578125
0 0.6171875 0.263671875 0.20703125 0.140625
0 0.1083984375 0.3857421875 0.080078125 0.056640625
0 0.1923828125 0.3857421875 0.080078125 0.056640625
0 0.27734375 0.38671875 0.07421875 0.0546875
0 0.3564453125 0.38671875 0.072265625 0.05859375
0 0.4404296875 0.3876953125 0.068359375 0.048828125
0 0.521484375 0.38671875 0.08203125 0.0546875
0 0.6025390625 0.3857421875 0.076171875 0.052734375
0 0.6826171875 0.3857421875 0.080078125 0.052734375
0 0.771484375 0.3857421875 0.078125 0.052734375
