0 0.5595703125 0.1162109375 0.232421875 0.205078125
0 0.5576171875 0.3193359375 0.251953125 0.185546875
0 0.5498046875 0.5205078125 0.275390625 0.193359375
0 0.3466796875 0.0556640625 0.044921875 0.064453125
0 0.3974609375 0.056640625 0.048828125 0.0625
0 0.3720703125 0.1279296875 0.103515625 0.072265625
0 0.3701171875 0.205078125 0.095703125 0.0703125
0 0.3671875 0.27734375 0.0703125 0.06640625
0 0.365234375 0.349609375 0.09765625 0.0703125
0 0.3681640625 0.423828125 0.076171875 0.06640625
0 0.36328125 0.4931640625 0.09375 0.068359375
0 0.3603515625 0.5712890625 0.099609375 0.076171875
