0 0.0888671875 0.11328125 0.126953125 0.08984375
0 0.2216796875 0.1162109375 0.126953125 0.087890625
0 0.3583984375 0.1162109375 0.119140625 0.087890625
0 0.0849609375 0.208984375 0.123046875 0.0859375
0 0.22265625 0.2119140625 0.09765625 0.072265625
0 0.3564453125 0.2080078125 0.126953125 0.087890625
0 0.4921875 0.2080078125 0.12109375 0.095703125
0 0.0673828125 0.3056640625 0.099609375 0.072265625
0 0.18359375 0.2998046875 0.12109375 0.087890625
0 0.318359375 0.3017578125 0.12890625 0.083984375
0 0.45703125 0.2998046875 0.12109375 0.080078125
