0 0.58203125 0.0908203125 0.16015625 0.107421875
0 0.58203125 0.2021484375 0.1171875 0.103515625
0 0.578125 0.3076171875 0.1640625 0.099609375
0 0.5791015625 0.416015625 0.162109375 0.1015625
0 0.5810546875 0.525390625 0.115234375 0.109375
0 0.4052734375 0.0927734375 0.173828125 0.083984375
0 0.4052734375 0.205078125 0.142578125 0.109375
0 0.416015625 0.310546875 0.14453125 0.08984375
0 0.404296875 0.416015625 0.15625 0.08984375
0 0.4130859375 0.521484375 0.162109375 0.09765625
0 0.40625 0.62890625 0.16015625 0.109375
