0 0.1845703125 0.181640625 0.056640625 0.046875
0 0.2724609375 0.181640625 0.056640625 0.04296875
0 0.33203125 0.1806640625 0.05078125 0.044921875
0 0.3935546875 0.1826171875 0.056640625 0.044921875
0 0.470703125 0.1826171875 0.05078125 0.044921875
0 0.5263671875 0.1826171875 0.056640625 0.044921875
0 0.5859375 0.1845703125 0.0546875 0.041015625
0 0.6455078125 0.1826171875 0.052734375 0.044921875
0 0.7060546875 0.1845703125 0.052734375 0.044921875
0 0.7626953125 0.1845703125 0.052734375 0.044921875
0 0.822265625 0.1845703125 0.05078125 0.041015625
0 0.330078125 0.2373046875 0.0625 0.041015625
0 0.390625 0.2392578125 0.05078125 0.044921875
0 0.4482421875 0.2392578125 0.048828125 0.041015625
0 0.505859375 0.23828125 0.046875 0.04296875
0 0.564453125 0.23828125 0.0625 0.04296875
0 0.6220703125 0.23828125 0.044921875 0.0390625
0 0.6767578125 0.23828125 0.052734375 0.04296875
