0 0.080078125 0.0810546875 0.07421875 0.060546875
0 0.1484375 0.08203125 0.046875 0.05859375
0 0.2197265625 0.0810546875 0.076171875 0.056640625
0 0.3330078125 0.0810546875 0.064453125 0.060546875
0 0.4140625 0.078125 0.0703125 0.0625
0 0.4794921875 0.0810546875 0.052734375 0.060546875
0 0.55078125 0.078125 0.0703125 0.05078125
0 0.0849609375 0.1572265625 0.083984375 0.072265625
0 0.1630859375 0.158203125 0.064453125 0.06640625
0 0.2333984375 0.166015625 0.060546875 0.05859375
0 0.296875 0.1552734375 0.0546875 0.068359375
0 0.3720703125 0.15625 0.083984375 0.0703125
0 0.4658203125 0.158203125 0.087890625 0.0703125
