0 0.111328125 0.1337890625 0.08203125 0.056640625
0 0.197265625 0.1318359375 0.07421875 0.052734375
0 0.2802734375 0.1318359375 0.072265625 0.056640625
0 0.3642578125 0.1298828125 0.076171875 0.060546875
0 0.4501953125 0.1298828125 0.080078125 0.056640625
0 0.5361328125 0.1279296875 0.072265625 0.060546875
0 0.6142578125 0.1259765625 0.076171875 0.060546875
0 0.703125 0.1279296875 0.078125 0.064453125
0 0.7890625 0.1259765625 0.078125 0.056640625
0 0.111328125 0.205078125 0.08203125 0.05859375
0 0.197265625 0.203125 0.078125 0.0546875
0 0.2802734375 0.2021484375 0.083984375 0.060546875
0 0.365234375 0.2001953125 0.078125 0.060546875
0 0.4501953125 0.201171875 0.072265625 0.05859375
0 0.5341796875 0.2001953125 0.080078125 0.064453125
0 0.6220703125 0.2001953125 0.076171875 0.064453125
