0 0.0810546875 0.1494140625 0.080078125 0.083984375
0 0.1640625 0.1484375 0.078125 0.09375
0 0.2509765625 0.1484375 0.072265625 0.08984375
0 0.3349609375 0.1513671875 0.080078125 0.087890625
0 0.111328125 0.2744140625 0.1484375 0.119140625
0 0.2666015625 0.26953125 0.146484375 0.03125
0 0.4267578125 0.2724609375 0.146484375 0.126953125
0 0.5869140625 0.2705078125 0.146484375 0.123046875
0 0.744140625 0.26953125 0.14453125 0.1171875
0 0.72265625 0.3798828125 0.11328125 0.080078125
0 0.8359375 0.3818359375 0.1015625 0.080078125
