0 0.37109375 0.072265625 0.13671875 0.1015625
0 0.3681640625 0.173828125 0.123046875 0.09765625
0 0.3681640625 0.2734375 0.134765625 0.09375
0 0.3662109375 0.3740234375 0.130859375 0.099609375
0 0.240234375 0.0751953125 0.1171875 0.072265625
0 0.2392578125 0.1630859375 0.091796875 0.087890625
0 0.2353515625 0.2490234375 0.123046875 0.072265625
0 0.2373046875 0.337890625 0.091796875 0.08984375
0 0.1123046875 0.0732421875 0.130859375 0.099609375
0 0.1083984375 0.1728515625 0.095703125 0.095703125
0 0.107421875 0.2705078125 0.109375 0.087890625
0 0.103515625 0.3671875 0.13671875 0.09765625
0 0.1083984375 0.470703125 0.134765625 0.09765625
