0 0.67578125 0.0908203125 0.1484375 0.103515625
0 0.681640625 0.2001953125 0.14453125 0.107421875
0 0.677734375 0.30859375 0.15234375 0.1015625
0 0.6865234375 0.4091796875 0.146484375 0.095703125
0 0.6796875 0.5146484375 0.140625 0.111328125
0 0.5400390625 0.06640625 0.103515625 0.0703125
0 0.541015625 0.134765625 0.10546875 0.0625
0 0.54296875 0.201171875 0.109375 0.06640625
0 0.546875 0.267578125 0.08984375 0.05859375
0 0.541015625 0.33203125 0.1015625 0.06640625
0 0.4033203125 0.0859375 0.162109375 0.109375
0 0.4033203125 0.2001953125 0.138671875 0.111328125
0 0.3994140625 0.298828125 0.162109375 0.08203125
0 0.24609375 0.068359375 0.1328125 0.08203125
0 0.2470703125 0.150390625 0.130859375 0.08203125
0 0.24609375 0.232421875 0.12109375 0.078125
0 0.25 0.318359375 0.125 0.0859375
0 0.2470703125 0.3857421875 0.083984375 0.044921875
0 0.126953125 0.064453125 0.09765625 0.0625
0 0.1279296875 0.1279296875 0.095703125 0.060546875
0 0.125 0.19140625 0.11328125 0.0625
0 0.1240234375 0.2607421875 0.115234375 0.068359375
0 0.1279296875 0.330078125 0.095703125 0.0703125
