0 0.1376953125 0.1904296875 0.181640625 0.130859375
0 0.3310546875 0.1875 0.173828125 0.1328125
0 0.482421875 0.2080078125 0.1015625 0.068359375
0 0.62109375 0.1875 0.1640625 0.125
0 0.7724609375 0.185546875 0.123046875 0.12109375
0 0.890625 0.2080078125 0.09765625 0.068359375
0 0.1376953125 0.3251953125 0.177734375 0.130859375
0 0.3310546875 0.322265625 0.173828125 0.12890625
0 0.4951171875 0.3203125 0.126953125 0.125
0 0.6572265625 0.32421875 0.181640625 0.1328125
0 0.8505859375 0.32421875 0.185546875 0.1328125
