0 0.13671875 0.33203125 0.24609375 0.16796875
0 0.39453125 0.3349609375 0.25390625 0.166015625
0 0.1396484375 0.5048828125 0.240234375 0.146484375
0 0.3935546875 0.505859375 0.228515625 0.1484375
0 0.6474609375 0.5068359375 0.240234375 0.158203125
0 0.87890625 0.5009765625 0.19140625 0.169921875
0 0.0654296875 0.6494140625 0.103515625 0.083984375
0 0.1748046875 0.6513671875 0.099609375 0.083984375
0 0.2802734375 0.6513671875 0.095703125 0.068359375
0 0.384765625 0.65234375 0.09765625 0.078125
0 0.4912109375 0.654296875 0.103515625 0.07421875
0 0.5947265625 0.65625 0.076171875 0.07421875
