0 0.546875 0.1005859375 0.140625 0.107421875
0 0.701171875 0.099609375 0.14453125 0.10546875
0 0.728515625 0.1796875 0.07421875 0.05078125
0 0.732421875 0.2294921875 0.05859375 0.044921875
0 0.7294921875 0.2783203125 0.076171875 0.048828125
0 0.7294921875 0.3330078125 0.076171875 0.048828125
0 0.5498046875 0.2451171875 0.232421875 0.154296875
0 0.55078125 0.3623046875 0.13671875 0.068359375
0 0.548828125 0.4775390625 0.2265625 0.154296875
0 0.7294921875 0.525390625 0.119140625 0.07421875
0 0.3173828125 0.25 0.220703125 0.15234375
0 0.3232421875 0.3662109375 0.119140625 0.068359375
0 0.3203125 0.4794921875 0.21875 0.150390625
0 0.32421875 0.5986328125 0.12890625 0.072265625
