0 0.12890625 0.076171875 0.0703125 0.0546875
0 0.205078125 0.0751953125 0.06640625 0.052734375
0 0.2646484375 0.0732421875 0.033203125 0.048828125
0 0.3037109375 0.072265625 0.033203125 0.046875
0 0.365234375 0.0712890625 0.06640625 0.052734375
0 0.4443359375 0.0712890625 0.064453125 0.048828125
0 0.529296875 0.0712890625 0.078125 0.048828125
0 0.1171875 0.1298828125 0.0546875 0.037109375
0 0.1728515625 0.1298828125 0.048828125 0.037109375
0 0.228515625 0.12890625 0.046875 0.03515625
0 0.2822265625 0.1279296875 0.048828125 0.037109375
0 0.3330078125 0.126953125 0.041015625 0.0390625
0 0.388671875 0.1259765625 0.05078125 0.037109375
0 0.443359375 0.126953125 0.046875 0.0390625
0 0.4970703125 0.1279296875 0.048828125 0.041015625
0 0.5537109375 0.1259765625 0.052734375 0.041015625
0 0.138671875 0.19140625 0.0859375 0.07421875
0 0.2255859375 0.19140625 0.076171875 0.07421875
0 0.310546875 0.1904296875 0.08203125 0.072265625
0 0.396484375 0.189453125 0.08203125 0.07421875
0 0.486328125 0.1875 0.0859375 0.07421875
0 0.5771484375 0.1865234375 0.087890625 0.072265625
0 0.6669921875 0.1865234375 0.080078125 0.072265625
0 0.75390625 0.185546875 0.08203125 0.078125
0 0.8466796875 0.1845703125 0.087890625 0.072265625
