0 0.083984375 0.3984375 0.0859375 0.078125
0 0.177734375 0.3984375 0.08984375 0.078125
0 0.2724609375 0.3984375 0.076171875 0.078125
0 0.3583984375 0.400390625 0.080078125 0.07421875
0 0.4453125 0.396484375 0.08203125 0.07421875
0 0.5322265625 0.3994140625 0.076171875 0.080078125
0 0.7099609375 0.3984375 0.087890625 0.07421875
0 0.7900390625 0.3974609375 0.056640625 0.076171875
0 0.8544921875 0.3974609375 0.056640625 0.076171875
0 0.9189453125 0.4013671875 0.056640625 0.072265625
0 0.59375 0.4765625 0.09765625 0.07421875
0 0.6982421875 0.4794921875 0.095703125 0.064453125
0 0.7978515625 0.4794921875 0.091796875 0.060546875
0 0.896484375 0.478515625 0.08984375 0.06640625
0 0.4970703125 0.544921875 0.052734375 0.05078125
0 0.5546875 0.5439453125 0.05078125 0.048828125
0 0.6103515625 0.54296875 0.048828125 0.04296875
0 0.6640625 0.5458984375 0.046875 0.044921875
0 0.71484375 0.5439453125 0.046875 0.048828125
0 0.765625 0.544921875 0.046875 0.04296875
0 0.8134765625 0.54296875 0.041015625 0.046875
0 0.8662109375 0.5419921875 0.048828125 0.044921875
0 0.919921875 0.5439453125 0.046875 0.048828125
