0 0.0703125 0.052734375 0.06640625 0.0546875
0 0.1416015625 0.05078125 0.056640625 0.0625
0 0.2099609375 0.0517578125 0.052734375 0.064453125
0 0.275390625 0.05078125 0.0625 0.05078125
0 0.33984375 0.05078125 0.05859375 0.0546875
0 0.4091796875 0.044921875 0.068359375 0.07421875
0 0.4794921875 0.046875 0.056640625 0.06640625
0 0.548828125 0.048828125 0.0546875 0.06640625
0 0.6103515625 0.0478515625 0.056640625 0.068359375
0 0.671875 0.0537109375 0.0390625 0.056640625
0 0.73828125 0.0458984375 0.06640625 0.068359375
