0 0.087890625 0.0888671875 0.08984375 0.099609375
0 0.1884765625 0.0908203125 0.095703125 0.099609375
0 0.302734375 0.0908203125 0.09765625 0.095703125
0 0.4169921875 0.091796875 0.119140625 0.1015625
0 0.5419921875 0.08984375 0.111328125 0.1015625
0 0.666015625 0.087890625 0.12109375 0.09765625
0 0.791015625 0.0908203125 0.1171875 0.103515625
0 0.916015625 0.08984375 0.12109375 0.10546875
0 0.1064453125 0.19921875 0.115234375 0.08984375
0 0.2158203125 0.1953125 0.087890625 0.1015625
0 0.33203125 0.1923828125 0.1015625 0.087890625
0 0.4443359375 0.1982421875 0.115234375 0.095703125
