0 0.103515625 0.1611328125 0.140625 0.099609375
0 0.2431640625 0.1630859375 0.126953125 0.099609375
0 0.37890625 0.1630859375 0.12109375 0.095703125
0 0.5087890625 0.1591796875 0.126953125 0.087890625
0 0.6474609375 0.162109375 0.130859375 0.09375
0 0.7822265625 0.1650390625 0.126953125 0.091796875
0 0.89453125 0.1796875 0.078125 0.06640625
0 0.1005859375 0.2763671875 0.134765625 0.095703125
0 0.2353515625 0.2763671875 0.115234375 0.099609375
0 0.3681640625 0.2763671875 0.115234375 0.091796875
0 0.50390625 0.2763671875 0.1328125 0.103515625
0 0.6455078125 0.279296875 0.138671875 0.10546875
