0 0.2177734375 0.169921875 0.197265625 0.140625
0 0.4111328125 0.1689453125 0.181640625 0.138671875
0 0.6005859375 0.171875 0.189453125 0.1328125
0 0.80078125 0.1748046875 0.1796875 0.134765625
0 0.1767578125 0.3203125 0.119140625 0.03515625
0 0.2861328125 0.3193359375 0.099609375 0.083984375
0 0.390625 0.3203125 0.1015625 0.08203125
0 0.498046875 0.3203125 0.09765625 0.08203125
0 0.609375 0.3203125 0.1015625 0.08203125
0 0.7197265625 0.3212890625 0.091796875 0.080078125
0 0.8330078125 0.3232421875 0.119140625 0.087890625
