0 0.8408203125 0.0654296875 0.119140625 0.072265625
0 0.83984375 0.140625 0.109375 0.0703125
0 0.8408203125 0.283203125 0.263671875 0.1796875
0 0.8427734375 0.4677734375 0.271484375 0.177734375
0 0.837890625 0.6455078125 0.2578125 0.169921875
0 0.83984375 0.7744140625 0.13671875 0.083984375
0 0.5908203125 0.0849609375 0.224609375 0.162109375
0 0.5908203125 0.2470703125 0.224609375 0.150390625
0 0.591796875 0.4072265625 0.22265625 0.158203125
0 0.5048828125 0.56640625 0.033203125 0.0546875
0 0.560546875 0.56640625 0.0625 0.0546875
0 0.611328125 0.56640625 0.03125 0.05078125
0 0.66796875 0.568359375 0.0703125 0.05078125
