0 0.2099609375 0.2216796875 0.115234375 0.080078125
0 0.3203125 0.2216796875 0.10546875 0.068359375
0 0.4189453125 0.2216796875 0.087890625 0.068359375
0 0.5078125 0.22265625 0.08984375 0.0625
0 0.591796875 0.2275390625 0.07421875 0.056640625
0 0.67578125 0.2236328125 0.078125 0.080078125
0 0.7724609375 0.2216796875 0.083984375 0.064453125
0 0.1552734375 0.3662109375 0.205078125 0.138671875
0 0.3740234375 0.3662109375 0.193359375 0.134765625
0 0.59765625 0.3603515625 0.19921875 0.126953125
0 0.828125 0.3642578125 0.1796875 0.138671875
