0 0.8828125 0.0888671875 0.046875 0.052734375
0 0.9208984375 0.0908203125 0.025390625 0.048828125
0 0.904296875 0.1650390625 0.078125 0.052734375
0 0.90625 0.2392578125 0.07421875 0.052734375
0 0.7548828125 0.1103515625 0.162109375 0.107421875
0 0.7548828125 0.21875 0.162109375 0.09765625
0 0.7568359375 0.3232421875 0.158203125 0.099609375
0 0.7548828125 0.431640625 0.154296875 0.10546875
0 0.759765625 0.5400390625 0.1640625 0.099609375
0 0.759765625 0.6494140625 0.1640625 0.107421875
0 0.763671875 0.771484375 0.0703125 0.0703125
