0 0.2001953125 0.349609375 0.087890625 0.078125
0 0.296875 0.3486328125 0.08203125 0.091796875
0 0.3984375 0.34765625 0.09375 0.0703125
0 0.5087890625 0.3466796875 0.095703125 0.072265625
0 0.630859375 0.3447265625 0.12890625 0.099609375
0 0.763671875 0.3447265625 0.109375 0.095703125
0 0.267578125 0.4580078125 0.09375 0.099609375
0 0.3564453125 0.4609375 0.064453125 0.09765625
0 0.4560546875 0.458984375 0.107421875 0.09765625
0 0.5810546875 0.4580078125 0.099609375 0.091796875
0 0.7001953125 0.455078125 0.111328125 0.09375
