0 0.0361328125 0.0888671875 0.064453125 0.044921875
0 0.1298828125 0.087890625 0.048828125 0.04296875
0 0.1787109375 0.0869140625 0.044921875 0.048828125
0 0.2314453125 0.087890625 0.052734375 0.046875
0 0.033203125 0.1435546875 0.0625 0.060546875
0 0.1015625 0.142578125 0.05859375 0.0625
0 0.1669921875 0.1435546875 0.056640625 0.060546875
0 0.2275390625 0.1455078125 0.048828125 0.048828125
0 0.2919921875 0.140625 0.064453125 0.0625
0 0.3505859375 0.1416015625 0.048828125 0.068359375
0 0.4130859375 0.1376953125 0.068359375 0.068359375
0 0.4853515625 0.140625 0.064453125 0.06640625
0 0.556640625 0.1376953125 0.06640625 0.064453125
0 0.6201171875 0.142578125 0.056640625 0.0625
0 0.6865234375 0.1376953125 0.068359375 0.072265625
0 0.751953125 0.1396484375 0.05859375 0.064453125
0 0.810546875 0.142578125 0.046875 0.0625
0 0.8759765625 0.142578125 0.068359375 0.0625
0 0.9462890625 0.140625 0.068359375 0.06640625
