0 0.1845703125 0.1943359375 0.185546875 0.130859375
0 0.3828125 0.1943359375 0.19140625 0.130859375
0 0.5830078125 0.1953125 0.189453125 0.1328125
0 0.7861328125 0.19140625 0.189453125 0.13671875
0 0.1845703125 0.3505859375 0.197265625 0.130859375
0 0.390625 0.3486328125 0.18359375 0.142578125
0 0.5830078125 0.3447265625 0.177734375 0.142578125
0 0.7841796875 0.3447265625 0.185546875 0.142578125
0 0.1416015625 0.5341796875 0.099609375 0.087890625
0 0.25 0.53515625 0.11328125 0.12890625
0 0.3681640625 0.5302734375 0.111328125 0.103515625
0 0.48046875 0.53515625 0.09765625 0.09765625
