0 0.10546875 0.12109375 0.10546875 0.07421875
0 0.2216796875 0.125 0.099609375 0.08203125
0 0.3193359375 0.1328125 0.083984375 0.06640625
0 0.4228515625 0.1279296875 0.091796875 0.076171875
0 0.533203125 0.1279296875 0.10546875 0.076171875
0 0.1083984375 0.2099609375 0.115234375 0.087890625
0 0.224609375 0.212890625 0.10546875 0.07421875
0 0.3330078125 0.2099609375 0.099609375 0.076171875
0 0.431640625 0.21875 0.078125 0.0625
0 0.5322265625 0.2109375 0.103515625 0.078125
0 0.6279296875 0.2109375 0.072265625 0.0859375
0 0.73046875 0.2109375 0.109375 0.0859375
0 0.8505859375 0.212890625 0.119140625 0.08203125
