0 0.2080078125 0.361328125 0.048828125 0.05859375
0 0.2578125 0.3603515625 0.0390625 0.056640625
0 0.328125 0.359375 0.08984375 0.0625
0 0.4228515625 0.359375 0.087890625 0.0625
0 0.5205078125 0.359375 0.087890625 0.0625
0 0.6171875 0.3603515625 0.0859375 0.064453125
0 0.7138671875 0.359375 0.087890625 0.0625
0 0.80859375 0.3603515625 0.08984375 0.056640625
0 0.328125 0.44921875 0.08984375 0.05859375
0 0.42578125 0.451171875 0.08984375 0.0625
0 0.51953125 0.4482421875 0.0625 0.060546875
0 0.61328125 0.44921875 0.08984375 0.06640625
0 0.712890625 0.4501953125 0.09765625 0.064453125
