0 0.0947265625 0.08203125 0.087890625 0.06640625
0 0.193359375 0.0830078125 0.09375 0.068359375
0 0.326171875 0.08203125 0.1171875 0.0859375
0 0.451171875 0.083984375 0.1171875 0.0859375
0 0.5654296875 0.0869140625 0.095703125 0.076171875
0 0.67578125 0.0849609375 0.1015625 0.080078125
0 0.78515625 0.083984375 0.1015625 0.08203125
0 0.904296875 0.087890625 0.10546875 0.08203125
0 0.1875 0.2431640625 0.2578125 0.205078125
0 0.451171875 0.240234375 0.23828125 0.203125
0 0.6845703125 0.208984375 0.177734375 0.140625
0 0.865234375 0.208984375 0.171875 0.14453125
