0 0.1220703125 0.1298828125 0.083984375 0.052734375
0 0.2119140625 0.1298828125 0.076171875 0.052734375
0 0.294921875 0.1298828125 0.07421875 0.052734375
0 0.3798828125 0.130859375 0.076171875 0.0546875
0 0.15625 0.23046875 0.1640625 0.1171875
0 0.318359375 0.23046875 0.140625 0.12109375
0 0.1513671875 0.3671875 0.154296875 0.1015625
0 0.310546875 0.369140625 0.13671875 0.1171875
0 0.466796875 0.3740234375 0.15625 0.123046875
0 0.615234375 0.3837890625 0.12109375 0.095703125
0 0.7529296875 0.375 0.130859375 0.125
