0 0.7392578125 0.0625 0.166015625 0.1015625
0 0.7412109375 0.1669921875 0.162109375 0.099609375
0 0.736328125 0.271484375 0.1640625 0.10546875
0 0.7392578125 0.3798828125 0.166015625 0.107421875
0 0.7451171875 0.490234375 0.166015625 0.10546875
0 0.7421875 0.5986328125 0.16015625 0.107421875
0 0.7412109375 0.6884765625 0.111328125 0.064453125
0 0.4892578125 0.072265625 0.205078125 0.12890625
0 0.484375 0.2021484375 0.19921875 0.123046875
0 0.484375 0.3310546875 0.19921875 0.130859375
0 0.48828125 0.462890625 0.20703125 0.12890625
0 0.48828125 0.572265625 0.14453125 0.0859375
0 0.4892578125 0.6591796875 0.134765625 0.080078125
0 0.4892578125 0.76953125 0.220703125 0.1328125
