0 0.15234375 0.1845703125 0.16796875 0.126953125
0 0.326171875 0.1845703125 0.15625 0.119140625
0 0.498046875 0.1884765625 0.16015625 0.126953125
0 0.67578125 0.189453125 0.1640625 0.12890625
0 0.8466796875 0.1982421875 0.162109375 0.107421875
0 0.1982421875 0.314453125 0.173828125 0.12109375
0 0.380859375 0.318359375 0.16796875 0.11328125
0 0.6220703125 0.318359375 0.166015625 0.11328125
0 0.79296875 0.3203125 0.1640625 0.1171875
0 0.1455078125 0.4521484375 0.138671875 0.126953125
0 0.2900390625 0.4541015625 0.123046875 0.123046875
0 0.42578125 0.453125 0.125 0.12890625
0 0.5673828125 0.4560546875 0.134765625 0.119140625
0 0.7041015625 0.455078125 0.115234375 0.125
0 0.8369140625 0.4560546875 0.126953125 0.130859375
