0 0.8955078125 0.05859375 0.123046875 0.08203125
0 0.892578125 0.1494140625 0.140625 0.087890625
0 0.892578125 0.2412109375 0.140625 0.087890625
0 0.90234375 0.33203125 0.12890625 0.08984375
0 0.751953125 0.060546875 0.140625 0.08984375
0 0.75390625 0.15234375 0.1328125 0.0859375
0 0.7568359375 0.240234375 0.103515625 0.0859375
0 0.7509765625 0.3330078125 0.142578125 0.095703125
0 0.75 0.4287109375 0.140625 0.091796875
0 0.7568359375 0.5244140625 0.103515625 0.091796875
0 0.6123046875 0.05859375 0.107421875 0.08984375
0 0.60546875 0.1484375 0.078125 0.08203125
0 0.607421875 0.240234375 0.12890625 0.08984375
0 0.607421875 0.330078125 0.09375 0.08984375
0 0.6064453125 0.419921875 0.107421875 0.0859375
0 0.6064453125 0.50390625 0.130859375 0.078125
