0 0.091796875 0.10546875 0.046875 0.0625
0 0.142578125 0.107421875 0.0390625 0.0625
0 0.2119140625 0.1083984375 0.087890625 0.060546875
0 0.3037109375 0.1064453125 0.083984375 0.060546875
0 0.3955078125 0.109375 0.087890625 0.0625
0 0.490234375 0.107421875 0.08984375 0.0625
0 0.5859375 0.1083984375 0.08984375 0.064453125
0 0.6796875 0.1103515625 0.08984375 0.064453125
0 0.7744140625 0.109375 0.091796875 0.0625
0 0.8662109375 0.109375 0.083984375 0.0546875
0 0.3515625 0.18359375 0.0859375 0.0625
0 0.4482421875 0.1826171875 0.087890625 0.064453125
0 0.541015625 0.1845703125 0.0859375 0.060546875
0 0.634765625 0.185546875 0.08984375 0.0625
