0 0.4169921875 0.0625 0.134765625 0.09375
0 0.4140625 0.158203125 0.12890625 0.08984375
0 0.4150390625 0.2451171875 0.126953125 0.083984375
0 0.4189453125 0.3134765625 0.134765625 0.033203125
0 0.421875 0.38671875 0.12890625 0.09375
0 0.2900390625 0.126953125 0.111328125 0.0859375
0 0.29296875 0.21484375 0.1171875 0.078125
0 0.2978515625 0.2998046875 0.103515625 0.083984375
0 0.29296875 0.3837890625 0.12109375 0.080078125
0 0.30078125 0.4697265625 0.125 0.080078125
0 0.1240234375 0.0830078125 0.173828125 0.123046875
0 0.1337890625 0.2099609375 0.181640625 0.123046875
0 0.1318359375 0.33984375 0.185546875 0.12109375
0 0.13671875 0.4599609375 0.171875 0.107421875
0 0.13671875 0.5849609375 0.1953125 0.126953125
