0 0.7353515625 0.0732421875 0.138671875 0.095703125
0 0.734375 0.16796875 0.1484375 0.08203125
0 0.7392578125 0.2509765625 0.150390625 0.068359375
0 0.7431640625 0.333984375 0.142578125 0.0859375
0 0.7333984375 0.4208984375 0.111328125 0.080078125
0 0.73046875 0.5107421875 0.109375 0.076171875
0 0.73046875 0.591796875 0.12890625 0.07421875
0 0.724609375 0.662109375 0.109375 0.0625
0 0.498046875 0.1357421875 0.29296875 0.205078125
0 0.5087890625 0.3525390625 0.294921875 0.197265625
0 0.189453125 0.1298828125 0.29296875 0.197265625
0 0.193359375 0.33203125 0.296875 0.19140625
0 0.1923828125 0.5283203125 0.310546875 0.189453125
0 0.1943359375 0.732421875 0.326171875 0.19140625
