0 0.13671875 0.365234375 0.10546875 0.08984375
0 0.259765625 0.36328125 0.12890625 0.08984375
0 0.3935546875 0.3623046875 0.119140625 0.087890625
0 0.5126953125 0.365234375 0.107421875 0.0703125
0 0.6337890625 0.3603515625 0.126953125 0.087890625
0 0.7685546875 0.3603515625 0.126953125 0.087890625
0 0.8955078125 0.369140625 0.068359375 0.05078125
0 0.2958984375 0.439453125 0.083984375 0.0625
0 0.3603515625 0.44140625 0.037109375 0.0625
0 0.4267578125 0.439453125 0.083984375 0.0625
0 0.515625 0.44140625 0.078125 0.05859375
0 0.5888671875 0.439453125 0.052734375 0.06640625
0 0.671875 0.44140625 0.09375 0.0625
