0 0.7958984375 0.091796875 0.177734375 0.12109375
0 0.8046875 0.2060546875 0.15234375 0.091796875
0 0.7958984375 0.41796875 0.142578125 0.12109375
0 0.79296875 0.517578125 0.08984375 0.0625
0 0.5927734375 0.091796875 0.189453125 0.1328125
0 0.59375 0.2197265625 0.19921875 0.115234375
0 0.599609375 0.3447265625 0.203125 0.126953125
0 0.3994140625 0.0927734375 0.189453125 0.138671875
0 0.396484375 0.1904296875 0.09765625 0.060546875
0 0.1982421875 0.09375 0.201171875 0.1328125
0 0.2001953125 0.2265625 0.201171875 0.1171875
0 0.197265625 0.3486328125 0.18359375 0.123046875
