0 0.8994140625 0.0478515625 0.126953125 0.087890625
0 0.90234375 0.1396484375 0.14453125 0.083984375
0 0.8984375 0.2490234375 0.1484375 0.119140625
0 0.90234375 0.361328125 0.1328125 0.08984375
0 0.720703125 0.0615234375 0.16015625 0.111328125
0 0.7236328125 0.1611328125 0.142578125 0.083984375
0 0.724609375 0.267578125 0.14453125 0.11328125
0 0.7255859375 0.37890625 0.150390625 0.09375
0 0.5478515625 0.052734375 0.138671875 0.06640625
0 0.5478515625 0.1298828125 0.138671875 0.083984375
0 0.546875 0.2197265625 0.13671875 0.087890625
0 0.5498046875 0.310546875 0.111328125 0.0859375
0 0.546875 0.3994140625 0.140625 0.083984375
0 0.5537109375 0.4853515625 0.142578125 0.083984375
