0 0.1962890625 0.1708984375 0.201171875 0.138671875
0 0.4072265625 0.1728515625 0.193359375 0.142578125
0 0.587890625 0.1865234375 0.14453125 0.099609375
0 0.15234375 0.28515625 0.1171875 0.08203125
0 0.2607421875 0.2880859375 0.083984375 0.076171875
0 0.3505859375 0.2861328125 0.080078125 0.076171875
0 0.44140625 0.29296875 0.078125 0.0625
0 0.546875 0.287109375 0.109375 0.078125
0 0.6611328125 0.287109375 0.103515625 0.078125
0 0.7724609375 0.2890625 0.107421875 0.07421875
0 0.888671875 0.2880859375 0.11328125 0.076171875
0 0.173828125 0.3837890625 0.1484375 0.103515625
0 0.44140625 0.3896484375 0.12890625 0.103515625
0 0.5849609375 0.388671875 0.142578125 0.10546875
0 0.6904296875 0.404296875 0.052734375 0.0703125
0 0.74609375 0.4052734375 0.05078125 0.072265625
0 0.798828125 0.4052734375 0.04296875 0.068359375
0 0.849609375 0.40625 0.046875 0.0703125
0 0.90625 0.388671875 0.05859375 0.03515625
0 0.908203125 0.4248046875 0.05859375 0.037109375
