0 0.171875 0.2353515625 0.11328125 0.130859375
0 0.2919921875 0.234375 0.119140625 0.1328125
0 0.3984375 0.23828125 0.08203125 0.1015625
0 0.505859375 0.2294921875 0.11328125 0.123046875
0 0.623046875 0.2333984375 0.10546875 0.126953125
0 0.732421875 0.236328125 0.09375 0.12109375
0 0.8349609375 0.23828125 0.087890625 0.12109375
0 0.244140625 0.37109375 0.1640625 0.125
0 0.41796875 0.3701171875 0.16015625 0.123046875
0 0.5888671875 0.3662109375 0.169921875 0.123046875
0 0.7529296875 0.369140625 0.123046875 0.1171875
