0 0.1064453125 0.287109375 0.173828125 0.1171875
0 0.2685546875 0.29296875 0.119140625 0.11328125
0 0.380859375 0.314453125 0.109375 0.0703125
0 0.501953125 0.2900390625 0.10546875 0.115234375
0 0.6181640625 0.3125 0.111328125 0.078125
0 0.1123046875 0.408203125 0.162109375 0.1171875
0 0.2578125 0.4150390625 0.1171875 0.083984375
0 0.087890625 0.515625 0.11328125 0.08203125
0 0.2001953125 0.5166015625 0.080078125 0.083984375
0 0.3203125 0.5087890625 0.1484375 0.099609375
0 0.4716796875 0.5048828125 0.134765625 0.111328125
0 0.6162109375 0.5087890625 0.142578125 0.111328125
