0 0.9033203125 0.05078125 0.080078125 0.0546875
0 0.908203125 0.0986328125 0.07421875 0.033203125
0 0.9033203125 0.1416015625 0.080078125 0.048828125
0 0.90625 0.1923828125 0.07421875 0.048828125
0 0.8994140625 0.2431640625 0.068359375 0.052734375
0 0.900390625 0.2978515625 0.07421875 0.048828125
0 0.900390625 0.3486328125 0.07421875 0.048828125
0 0.7021484375 0.115234375 0.306640625 0.19921875
0 0.701171875 0.318359375 0.28125 0.1953125
0 0.703125 0.478515625 0.19140625 0.12109375
0 0.705078125 0.6494140625 0.30078125 0.197265625
0 0.71875 0.8583984375 0.31640625 0.201171875
