0 0.095703125 0.06640625 0.09375 0.0703125
0 0.1806640625 0.0703125 0.064453125 0.0703125
0 0.259765625 0.0703125 0.0859375 0.0625
0 0.34765625 0.068359375 0.08203125 0.0703125
0 0.4365234375 0.0693359375 0.083984375 0.064453125
0 0.5283203125 0.0703125 0.087890625 0.06640625
0 0.6220703125 0.0703125 0.083984375 0.0625
0 0.7109375 0.0732421875 0.09375 0.068359375
0 0.7998046875 0.07421875 0.076171875 0.06640625
0 0.130859375 0.1953125 0.1875 0.15625
0 0.3466796875 0.1923828125 0.208984375 0.154296875
0 0.5634765625 0.1943359375 0.208984375 0.162109375
0 0.7744140625 0.1943359375 0.193359375 0.158203125
0 0.919921875 0.2236328125 0.09765625 0.083984375
0 0.1328125 0.35546875 0.203125 0.15234375
0 0.3447265625 0.353515625 0.212890625 0.14453125
0 0.5478515625 0.3564453125 0.177734375 0.154296875
0 0.7451171875 0.3564453125 0.201171875 0.142578125
0 0.9013671875 0.3896484375 0.099609375 0.076171875
0 0.11328125 0.4990234375 0.140625 0.095703125
0 0.2529296875 0.498046875 0.138671875 0.09765625
0 0.3935546875 0.4990234375 0.130859375 0.099609375
0 0.53515625 0.4990234375 0.13671875 0.095703125
0 0.6669921875 0.498046875 0.099609375 0.09765625
0 0.7978515625 0.5029296875 0.138671875 0.099609375
