0 0.23828125 0.0498046875 0.08984375 0.064453125
0 0.4033203125 0.05078125 0.099609375 0.0625
0 0.5712890625 0.0478515625 0.095703125 0.060546875
0 0.7353515625 0.044921875 0.091796875 0.06640625
0 0.2666015625 0.138671875 0.134765625 0.09375
0 0.4111328125 0.1376953125 0.138671875 0.095703125
0 0.564453125 0.13671875 0.140625 0.1015625
0 0.712890625 0.1376953125 0.13671875 0.099609375
0 0.1484375 0.3046875 0.17578125 0.15625
0 0.322265625 0.3046875 0.16015625 0.16015625
0 0.4921875 0.3056640625 0.16015625 0.162109375
0 0.658203125 0.306640625 0.1640625 0.16015625
0 0.828125 0.3056640625 0.16796875 0.166015625
