0 0.2578125 0.1064453125 0.12109375 0.095703125
0 0.3916015625 0.10546875 0.126953125 0.08984375
0 0.5205078125 0.103515625 0.119140625 0.08984375
0 0.650390625 0.1015625 0.1171875 0.08984375
0 0.0791015625 0.2587890625 0.123046875 0.201171875
0 0.21484375 0.2587890625 0.12890625 0.197265625
0 0.333984375 0.2802734375 0.08984375 0.134765625
0 0.4453125 0.259765625 0.12890625 0.19140625
0 0.5771484375 0.2568359375 0.119140625 0.197265625
0 0.7314453125 0.2578125 0.126953125 0.1875
0 0.8642578125 0.2578125 0.119140625 0.19140625
