0 0.0986328125 0.1279296875 0.177734375 0.162109375
0 0.275390625 0.1259765625 0.16015625 0.158203125
0 0.4423828125 0.126953125 0.162109375 0.16796875
0 0.6748046875 0.08203125 0.162109375 0.08203125
0 0.8369140625 0.083984375 0.162109375 0.08203125
0 0.6689453125 0.1708984375 0.162109375 0.080078125
0 0.8408203125 0.1728515625 0.169921875 0.080078125
0 0.0732421875 0.283203125 0.119140625 0.13671875
0 0.197265625 0.28515625 0.1171875 0.140625
0 0.30859375 0.28515625 0.09375 0.15234375
0 0.4091796875 0.2880859375 0.087890625 0.146484375
0 0.640625 0.2900390625 0.10546875 0.146484375
0 0.8740234375 0.2919921875 0.103515625 0.154296875
0 0.06640625 0.4443359375 0.125 0.154296875
0 0.2001953125 0.4453125 0.126953125 0.16796875
0 0.3271484375 0.4453125 0.107421875 0.15234375
0 0.455078125 0.447265625 0.125 0.16015625
