0 0.4345703125 0.0751953125 0.095703125 0.072265625
0 0.591796875 0.076171875 0.109375 0.07421875
0 0.7412109375 0.0751953125 0.099609375 0.068359375
0 0.8974609375 0.0751953125 0.095703125 0.072265625
0 0.435546875 0.146484375 0.0859375 0.06640625
0 0.5283203125 0.1455078125 0.087890625 0.068359375
0 0.6201171875 0.1474609375 0.095703125 0.068359375
0 0.716796875 0.1474609375 0.08984375 0.068359375
0 0.8076171875 0.1494140625 0.083984375 0.068359375
0 0.8994140625 0.1484375 0.091796875 0.06640625
